STATION           STATION_NAME                                       DATE     PRCP     SNWD     SNOW     TAVG     TMAX     TMIN     AWND     WDF2     WDF5     WSF2     WSF5     PGTM     WT09     WT07     WT01     WT06     WT05     WT02     WT04     WT08     WT03     
----------------- -------------------------------------------------- -------- -------- -------- -------- -------- -------- -------- -------- -------- -------- -------- -------- -------- -------- -------- -------- -------- -------- -------- -------- -------- -------- 
GHCND:USW00014735                 ALBANY INTERNATIONAL AIRPORT NY US 20200101 0.00     0.0      0.0      36       40       34       9.4      280      280      23.0     30.0     -9999    -9999    -9999    -9999    -9999    -9999    -9999    -9999    -9999    -9999    
GHCND:USW00014735                 ALBANY INTERNATIONAL AIRPORT NY US 20200102 0.00     0.0      0.0      35       45       26       9.2      170      180      16.1     21.0     -9999    -9999    -9999    -9999    -9999    -9999    -9999    -9999    -9999    -9999    
GHCND:USW00014735                 ALBANY INTERNATIONAL AIRPORT NY US 20200103 0.00     0.0      0.0      44       47       39       4.5      170      170      10.1     14.1     -9999    -9999    -9999    -9999    -9999    -9999    -9999    -9999    -9999    -9999    
GHCND:USW00014735                 ALBANY INTERNATIONAL AIRPORT NY US 20200104 0.32     0.0      0.0      41       43       35       3.1      330      340      13.0     16.1     -9999    -9999    -9999    1        -9999    -9999    -9999    -9999    -9999    -9999    
GHCND:USW00014735                 ALBANY INTERNATIONAL AIRPORT NY US 20200105 0.00     0.0      0.0      35       37       24       14.5     280      290      30.0     40.0     -9999    -9999    -9999    1        -9999    -9999    -9999    -9999    -9999    -9999    
GHCND:USW00014735                 ALBANY INTERNATIONAL AIRPORT NY US 20200106 0.02     0.0      0.8      31       40       26       6.5      290      270      25.1     38.0     -9999    -9999    -9999    1        -9999    -9999    -9999    -9999    -9999    -9999    
GHCND:USW00014735                 ALBANY INTERNATIONAL AIRPORT NY US 20200107 0.00     0.0      0.0      34       39       23       2.9      290      280      21.9     33.1     -9999    -9999    -9999    -9999    -9999    -9999    -9999    -9999    -9999    -9999    
GHCND:USW00014735                 ALBANY INTERNATIONAL AIRPORT NY US 20200108 0.00     0.0      0.0      32       39       21       12.8     290      310      36.0     47.0     -9999    -9999    -9999    -9999    -9999    -9999    -9999    -9999    -9999    -9999    
GHCND:USW00014735                 ALBANY INTERNATIONAL AIRPORT NY US 20200109 0.00     0.0      0.0      21       30       13       8.1      300      290      25.9     34.0     -9999    -9999    -9999    -9999    -9999    -9999    -9999    -9999    -9999    -9999    
GHCND:USW00014735                 ALBANY INTERNATIONAL AIRPORT NY US 20200110 0.01     0.0      0.0      34       47       30       11.0     180      190      23.0     31.1     -9999    -9999    -9999    -9999    -9999    -9999    -9999    -9999    -9999    -9999    
GHCND:USW00014735                 ALBANY INTERNATIONAL AIRPORT NY US 20200111 0.00     0.0      0.0      54       67       46       15.0     180      180      25.9     35.1     -9999    -9999    -9999    -9999    -9999    -9999    -9999    -9999    -9999    -9999    
GHCND:USW00014735                 ALBANY INTERNATIONAL AIRPORT NY US 20200112 0.17     0.0      0.0      58       67       31       16.1     310      300      25.9     40.0     -9999    -9999    -9999    1        -9999    -9999    -9999    -9999    -9999    -9999    
GHCND:USW00014735                 ALBANY INTERNATIONAL AIRPORT NY US 20200113 0.00     0.0      0.0      35       40       29       5.8      180      180      19.9     25.1     -9999    -9999    -9999    -9999    -9999    -9999    -9999    -9999    -9999    -9999    
GHCND:USW00014735                 ALBANY INTERNATIONAL AIRPORT NY US 20200114 0.00     0.0      0.0      40       45       36       8.1      180      170      18.1     25.1     -9999    -9999    -9999    -9999    -9999    -9999    -9999    1        -9999    -9999    
GHCND:USW00014735                 ALBANY INTERNATIONAL AIRPORT NY US 20200115 0.00     0.0      0.0      42       47       29       7.4      290      300      19.9     27.1     -9999    -9999    -9999    -9999    -9999    -9999    -9999    -9999    -9999    -9999    
GHCND:USW00014735                 ALBANY INTERNATIONAL AIRPORT NY US 20200116 0.26     1.2      1.1      36       42       24       13.0     300      290      30.0     38.9     -9999    -9999    -9999    1        -9999    -9999    -9999    1        -9999    -9999    
GHCND:USW00014735                 ALBANY INTERNATIONAL AIRPORT NY US 20200117 0.00     0.0      0.0      19       24       10       13.6     300      290      25.9     35.1     -9999    -9999    -9999    -9999    -9999    -9999    -9999    -9999    -9999    -9999    
GHCND:USW00014735                 ALBANY INTERNATIONAL AIRPORT NY US 20200118 0.31     0.0      3.0      13       30       10       7.2      170      180      19.9     28.0     -9999    1        -9999    -9999    -9999    1        -9999    -9999    -9999    -9999    
GHCND:USW00014735                 ALBANY INTERNATIONAL AIRPORT NY US 20200119 0.00     3.1      0.2      30       38       17       13.2     280      270      30.0     46.1     -9999    -9999    -9999    -9999    -9999    -9999    -9999    -9999    -9999    -9999    
GHCND:USW00014735                 ALBANY INTERNATIONAL AIRPORT NY US 20200120 0.00     2.0      0.0      18       22       9        11.4     290      300      19.9     25.9     -9999    -9999    -9999    -9999    -9999    -9999    -9999    -9999    -9999    -9999    
GHCND:USW00014735                 ALBANY INTERNATIONAL AIRPORT NY US 20200121 0.00     2.0      0.0      16       26       7        3.6      330      330      10.1     13.0     -9999    -9999    -9999    -9999    -9999    -9999    -9999    -9999    -9999    -9999    
GHCND:USW00014735                 ALBANY INTERNATIONAL AIRPORT NY US 20200122 0.00     1.2      0.0      24       35       17       2.9      180      180      8.9      11.0     -9999    -9999    -9999    -9999    -9999    -9999    -9999    -9999    -9999    -9999    
GHCND:USW00014735                 ALBANY INTERNATIONAL AIRPORT NY US 20200123 0.00     1.2      0.0      24       37       11       0.7      150      150      8.1      11.0     -9999    -9999    -9999    -9999    -9999    -9999    -9999    -9999    -9999    -9999    
GHCND:USW00014735                 ALBANY INTERNATIONAL AIRPORT NY US 20200124 0.00     1.2      0.0      29       43       18       2.2      60       70       6.9      8.1      -9999    -9999    -9999    -9999    -9999    -9999    -9999    -9999    -9999    -9999    
GHCND:USW00014735                 ALBANY INTERNATIONAL AIRPORT NY US 20200125 0.84     1.2      0.0      30       39       22       3.4      320      260      14.1     17.0     -9999    -9999    -9999    1        -9999    -9999    -9999    -9999    -9999    -9999    
GHCND:USW00014735                 ALBANY INTERNATIONAL AIRPORT NY US 20200126 0.08     0.0      0.0      38       43       34       4.7      250      220      14.1     18.1     -9999    -9999    -9999    1        -9999    -9999    -9999    -9999    1        -9999    
GHCND:USW00014735                 ALBANY INTERNATIONAL AIRPORT NY US 20200127 0.00     0.0      0.0      38       43       35       9.4      280      280      19.9     25.1     -9999    -9999    -9999    -9999    -9999    -9999    -9999    -9999    -9999    -9999    
GHCND:USW00014735                 ALBANY INTERNATIONAL AIRPORT NY US 20200128 0.00     0.0      0.0      36       37       31       11.4     290      290      19.9     25.1     -9999    -9999    -9999    -9999    -9999    -9999    -9999    -9999    -9999    -9999    
GHCND:USW00014735                 ALBANY INTERNATIONAL AIRPORT NY US 20200129 0.00     0.0      0.0      31       35       19       10.7     20       10       16.1     21.0     -9999    -9999    -9999    -9999    -9999    -9999    -9999    -9999    -9999    -9999    
GHCND:USW00014735                 ALBANY INTERNATIONAL AIRPORT NY US 20200130 0.00     0.0      0.0      23       32       15       3.6      350      350      12.1     14.1     -9999    -9999    -9999    -9999    -9999    -9999    -9999    -9999    -9999    -9999    
GHCND:USW00014735                 ALBANY INTERNATIONAL AIRPORT NY US 20200131 0.00     0.0      0.0      26       36       15       3.1      160      170      10.1     13.0     -9999    -9999    -9999    -9999    -9999    -9999    -9999    -9999    -9999    -9999    
