STATION           STATION_NAME                                       DATE     PRCP     SNWD     SNOW     TAVG     TMAX     TMIN     AWND     WDF2     WDF5     WSF2     WSF5     PGTM     WT09     WT07     WT01     WT06     WT05     WT02     WT04     WT08     WT03     
----------------- -------------------------------------------------- -------- -------- -------- -------- -------- -------- -------- -------- -------- -------- -------- -------- -------- -------- -------- -------- -------- -------- -------- -------- -------- -------- 
GHCND:USW00014735                 ALBANY INTERNATIONAL AIRPORT NY US 20200101 0.00     0.0      0.0      36       40       34       9.4      280      280      23.0     30.0     -9999    -9999    -9999    -9999    -9999    -9999    -9999    -9999    -9999    -9999    
GHCND:USW00014735                 ALBANY INTERNATIONAL AIRPORT NY US 20200102 0.00     0.0      0.0      35       45       26       9.2      170      180      16.1     21.0     -9999    -9999    -9999    -9999    -9999    -9999    -9999    -9999    -9999    -9999    
GHCND:USW00014735                 ALBANY INTERNATIONAL AIRPORT NY US 20200103 0.00     0.0      0.0      44       47       39       4.5      170      170      10.1     14.1     -9999    -9999    -9999    -9999    -9999    -9999    -9999    -9999    -9999    -9999    
GHCND:USW00014735                 ALBANY INTERNATIONAL AIRPORT NY US 20200104 0.32     0.0      0.0      41       43       35       3.1      330      340      13.0     16.1     -9999    -9999    -9999    1        -9999    -9999    -9999    -9999    -9999    -9999    
GHCND:USW00014735                 ALBANY INTERNATIONAL AIRPORT NY US 20200105 0.00     0.0      0.0      35       37       24       14.5     280      290      30.0     40.0     -9999    -9999    -9999    1        -9999    -9999    -9999    -9999    -9999    -9999    
GHCND:USW00014735                 ALBANY INTERNATIONAL AIRPORT NY US 20200106 0.02     0.0      0.8      31       40       26       6.5      290      270      25.1     38.0     -9999    -9999    -9999    1        -9999    -9999    -9999    -9999    -9999    -9999    
GHCND:USW00014735                 ALBANY INTERNATIONAL AIRPORT NY US 20200107 0.00     0.0      0.0      34       39       23       2.9      290      280      21.9     33.1     -9999    -9999    -9999    -9999    -9999    -9999    -9999    -9999    -9999    -9999    
GHCND:USW00014735                 ALBANY INTERNATIONAL AIRPORT NY US 20200108 0.00     0.0      0.0      32       39       21       12.8     290      310      36.0     47.0     -9999    -9999    -9999    -9999    -9999    -9999    -9999    -9999    -9999    -9999    
GHCND:USW00014735                 ALBANY INTERNATIONAL AIRPORT NY US 20200109 0.00     0.0      0.0      21       30       13       8.1      300      290      25.9     34.0     -9999    -9999    -9999    -9999    -9999    -9999    -9999    -9999    -9999    -9999    
GHCND:USW00014735                 ALBANY INTERNATIONAL AIRPORT NY US 20200110 0.01     0.0      0.0      34       47       30       11.0     180      190      23.0     31.1     -9999    -9999    -9999    -9999    -9999    -9999    -9999    -9999    -9999    -9999    
GHCND:USW00014735                 ALBANY INTERNATIONAL AIRPORT NY US 20200111 0.00     0.0      0.0      54       67       46       15.0     180      180      25.9     35.1     -9999    -9999    -9999    -9999    -9999    -9999    -9999    -9999    -9999    -9999    
GHCND:USW00014735                 ALBANY INTERNATIONAL AIRPORT NY US 20200112 0.17     0.0      0.0      58       67       31       16.1     310      300      25.9     40.0     -9999    -9999    -9999    1        -9999    -9999    -9999    -9999    -9999    -9999    
GHCND:USW00014735                 ALBANY INTERNATIONAL AIRPORT NY US 20200113 0.00     0.0      0.0      35       40       29       5.8      180      180      19.9     25.1     -9999    -9999    -9999    -9999    -9999    -9999    -9999    -9999    -9999    -9999    
GHCND:USW00014735                 ALBANY INTERNATIONAL AIRPORT NY US 20200114 0.00     0.0      0.0      40       45       36       8.1      180      170      18.1     25.1     -9999    -9999    -9999    -9999    -9999    -9999    -9999    1        -9999    -9999    
GHCND:USW00014735                 ALBANY INTERNATIONAL AIRPORT NY US 20200115 0.00     0.0      0.0      42       47       29       7.4      290      300      19.9     27.1     -9999    -9999    -9999    -9999    -9999    -9999    -9999    -9999    -9999    -9999    
GHCND:USW00014735                 ALBANY INTERNATIONAL AIRPORT NY US 20200116 0.26     1.2      1.1      36       42       24       13.0     300      290      30.0     38.9     -9999    -9999    -9999    1        -9999    -9999    -9999    1        -9999    -9999    
GHCND:USW00014735                 ALBANY INTERNATIONAL AIRPORT NY US 20200117 0.00     0.0      0.0      19       24       10       13.6     300      290      25.9     35.1     -9999    -9999    -9999    -9999    -9999    -9999    -9999    -9999    -9999    -9999    
GHCND:USW00014735                 ALBANY INTERNATIONAL AIRPORT NY US 20200118 0.31     0.0      3.0      13       30       10       7.2      170      180      19.9     28.0     -9999    1        -9999    -9999    -9999    1        -9999    -9999    -9999    -9999    
GHCND:USW00014735                 ALBANY INTERNATIONAL AIRPORT NY US 20200119 0.00     3.1      0.2      30       38       17       13.2     280      270      30.0     46.1     -9999    -9999    -9999    -9999    -9999    -9999    -9999    -9999    -9999    -9999    
GHCND:USW00014735                 ALBANY INTERNATIONAL AIRPORT NY US 20200120 0.00     2.0      0.0      18       22       9        11.4     290      300      19.9     25.9     -9999    -9999    -9999    -9999    -9999    -9999    -9999    -9999    -9999    -9999    
GHCND:USW00014735                 ALBANY INTERNATIONAL AIRPORT NY US 20200121 0.00     2.0      0.0      16       26       7        3.6      330      330      10.1     13.0     -9999    -9999    -9999    -9999    -9999    -9999    -9999    -9999    -9999    -9999    
GHCND:USW00014735                 ALBANY INTERNATIONAL AIRPORT NY US 20200122 0.00     1.2      0.0      24       35       17       2.9      180      180      8.9      11.0     -9999    -9999    -9999    -9999    -9999    -9999    -9999    -9999    -9999    -9999    
GHCND:USW00014735                 ALBANY INTERNATIONAL AIRPORT NY US 20200123 0.00     1.2      0.0      24       37       11       0.7      150      150      8.1      11.0     -9999    -9999    -9999    -9999    -9999    -9999    -9999    -9999    -9999    -9999    
GHCND:USW00014735                 ALBANY INTERNATIONAL AIRPORT NY US 20200124 0.00     1.2      0.0      29       43       18       2.2      60       70       6.9      8.1      -9999    -9999    -9999    -9999    -9999    -9999    -9999    -9999    -9999    -9999    
GHCND:USW00014735                 ALBANY INTERNATIONAL AIRPORT NY US 20200125 0.84     1.2      0.0      30       39       22       3.4      320      260      14.1     17.0     -9999    -9999    -9999    1        -9999    -9999    -9999    -9999    -9999    -9999    
GHCND:USW00014735                 ALBANY INTERNATIONAL AIRPORT NY US 20200126 0.08     0.0      0.0      38       43       34       4.7      250      220      14.1     18.1     -9999    -9999    -9999    1        -9999    -9999    -9999    -9999    1        -9999    
GHCND:USW00014735                 ALBANY INTERNATIONAL AIRPORT NY US 20200127 0.00     0.0      0.0      38       43       35       9.4      280      280      19.9     25.1     -9999    -9999    -9999    -9999    -9999    -9999    -9999    -9999    -9999    -9999    
GHCND:USW00014735                 ALBANY INTERNATIONAL AIRPORT NY US 20200128 0.00     0.0      0.0      36       37       31       11.4     290      290      19.9     25.1     -9999    -9999    -9999    -9999    -9999    -9999    -9999    -9999    -9999    -9999    
GHCND:USW00014735                 ALBANY INTERNATIONAL AIRPORT NY US 20200129 0.00     0.0      0.0      31       35       19       10.7     20       10       16.1     21.0     -9999    -9999    -9999    -9999    -9999    -9999    -9999    -9999    -9999    -9999    
GHCND:USW00014735                 ALBANY INTERNATIONAL AIRPORT NY US 20200130 0.00     0.0      0.0      23       32       15       3.6      350      350      12.1     14.1     -9999    -9999    -9999    -9999    -9999    -9999    -9999    -9999    -9999    -9999    
GHCND:USW00014735                 ALBANY INTERNATIONAL AIRPORT NY US 20200131 0.00     0.0      0.0      26       36       15       3.1      160      170      10.1     13.0     -9999    -9999    -9999    -9999    -9999    -9999    -9999    -9999    -9999    -9999    
GHCND:USW00014735                 ALBANY INTERNATIONAL AIRPORT NY US 20200201 0.01     0.0      0.2      36       40       32       2.7      340      330      10.1     13.0     -9999    -9999    -9999    1        -9999    -9999    -9999    -9999    -9999    -9999    
GHCND:USW00014735                 ALBANY INTERNATIONAL AIRPORT NY US 20200202 0.00     0.0      0.1      34       37       28       2.0      300      300      10.1     12.1     -9999    -9999    -9999    -9999    -9999    -9999    -9999    -9999    1        -9999    
GHCND:USW00014735                 ALBANY INTERNATIONAL AIRPORT NY US 20200203 0.00     0.0      0.0      37       47       27       3.8      270      280      19.9     27.1     -9999    -9999    -9999    -9999    -9999    -9999    -9999    -9999    -9999    -9999    
GHCND:USW00014735                 ALBANY INTERNATIONAL AIRPORT NY US 20200204 0.00     0.0      0.0      35       45       27       5.6      280      280      17.0     23.0     -9999    -9999    -9999    -9999    -9999    -9999    -9999    -9999    -9999    -9999    
GHCND:USW00014735                 ALBANY INTERNATIONAL AIRPORT NY US 20200205 0.00     0.0      0.0      38       41       29       8.3      290      290      19.9     23.9     -9999    -9999    -9999    -9999    -9999    -9999    -9999    -9999    -9999    -9999    
GHCND:USW00014735                 ALBANY INTERNATIONAL AIRPORT NY US 20200206 0.52     1.2      1.3      30       33       27       4.5      330      330      13.0     15.0     -9999    -9999    -9999    1        1        -9999    -9999    1        -9999    -9999    
GHCND:USW00014735                 ALBANY INTERNATIONAL AIRPORT NY US 20200207 0.65     1.2      1.9      32       35       20       13.0     270      270      38.0     47.0     -9999    1        -9999    1        -9999    -9999    1        1        -9999    -9999    
GHCND:USW00014735                 ALBANY INTERNATIONAL AIRPORT NY US 20200208 0.00     2.0      0.1      21       24       12       6.9      290      290      21.9     30.0     -9999    -9999    -9999    -9999    -9999    -9999    -9999    -9999    -9999    -9999    
GHCND:USW00014735                 ALBANY INTERNATIONAL AIRPORT NY US 20200209 0.00     2.0      0.0      18       33       10       3.8      170      170      12.1     17.0     -9999    -9999    -9999    -9999    -9999    -9999    -9999    -9999    -9999    -9999    
GHCND:USW00014735                 ALBANY INTERNATIONAL AIRPORT NY US 20200210 0.22     2.0      0.6      36       41       32       10.3     180      190      21.9     32.0     -9999    -9999    -9999    1        -9999    -9999    -9999    -9999    -9999    -9999    
GHCND:USW00014735                 ALBANY INTERNATIONAL AIRPORT NY US 20200211 0.01     1.2      0.0      36       39       34       3.8      290      280      17.0     21.9     -9999    -9999    -9999    1        -9999    -9999    1        -9999    -9999    -9999    
GHCND:USW00014735                 ALBANY INTERNATIONAL AIRPORT NY US 20200212 0.00     1.2      0.0      37       41       31       8.7      290      290      21.0     34.0     -9999    -9999    -9999    -9999    -9999    -9999    -9999    -9999    -9999    -9999    
GHCND:USW00014735                 ALBANY INTERNATIONAL AIRPORT NY US 20200213 0.40     2.0      1.5      36       40       34       5.1      280      270      21.0     28.0     -9999    -9999    -9999    1        -9999    -9999    -9999    1        1        -9999    
GHCND:USW00014735                 ALBANY INTERNATIONAL AIRPORT NY US 20200214 0.00     1.2      0.0      23       36       7        15.9     290      300      29.1     38.9     -9999    -9999    -9999    -9999    -9999    -9999    -9999    -9999    -9999    -9999    
GHCND:USW00014735                 ALBANY INTERNATIONAL AIRPORT NY US 20200215 0.00     1.2      0.0      13       28       4        7.6      170      180      19.9     27.1     -9999    -9999    -9999    -9999    -9999    -9999    -9999    -9999    -9999    -9999    
GHCND:USW00014735                 ALBANY INTERNATIONAL AIRPORT NY US 20200216 0.01     1.2      0.2      31       38       25       7.8      170      170      16.1     21.9     -9999    -9999    -9999    -9999    -9999    -9999    -9999    -9999    1        -9999    
GHCND:USW00014735                 ALBANY INTERNATIONAL AIRPORT NY US 20200217 0.00     1.2      0.0      33       38       25       5.8      310      300      21.9     25.9     -9999    -9999    -9999    -9999    -9999    -9999    -9999    -9999    -9999    -9999    
GHCND:USW00014735                 ALBANY INTERNATIONAL AIRPORT NY US 20200218 0.16     1.2      1.0      29       41       23       7.4      150      140      21.0     30.0     -9999    -9999    -9999    1        -9999    -9999    1        -9999    1        -9999    
GHCND:USW00014735                 ALBANY INTERNATIONAL AIRPORT NY US 20200219 0.00     0.0      0.0      37       41       25       16.3     300      310      32.0     42.1     -9999    -9999    -9999    -9999    -9999    -9999    -9999    -9999    -9999    -9999    
GHCND:USW00014735                 ALBANY INTERNATIONAL AIRPORT NY US 20200220 0.00     0.0      0.0      26       31       19       11.0     290      290      23.0     35.1     -9999    -9999    -9999    -9999    -9999    -9999    -9999    -9999    -9999    -9999    
GHCND:USW00014735                 ALBANY INTERNATIONAL AIRPORT NY US 20200221 0.00     0.0      0.0      22       33       11       5.4      280      290      14.1     18.1     -9999    -9999    -9999    -9999    -9999    -9999    -9999    -9999    -9999    -9999    
GHCND:USW00014735                 ALBANY INTERNATIONAL AIRPORT NY US 20200222 0.00     0.0      0.0      31       44       16       5.8      270      270      18.1     23.9     -9999    -9999    -9999    -9999    -9999    -9999    -9999    -9999    -9999    -9999    
GHCND:USW00014735                 ALBANY INTERNATIONAL AIRPORT NY US 20200223 0.00     0.0      0.0      35       53       22       3.1      250      260      12.1     15.0     -9999    -9999    -9999    -9999    -9999    -9999    -9999    -9999    -9999    -9999    
GHCND:USW00014735                 ALBANY INTERNATIONAL AIRPORT NY US 20200224 0.00     0.0      0.0      42       62       30       5.4      170      170      13.0     18.1     -9999    -9999    -9999    -9999    -9999    -9999    -9999    -9999    -9999    -9999    
GHCND:USW00014735                 ALBANY INTERNATIONAL AIRPORT NY US 20200225 0.00     0.0      0.0      43       48       36       4.7      10       20       13.0     16.1     -9999    -9999    -9999    -9999    -9999    -9999    -9999    -9999    -9999    -9999    
GHCND:USW00014735                 ALBANY INTERNATIONAL AIRPORT NY US 20200226 0.11     0.0      0.0      38       41       36       5.1      30       10       8.9      13.0     -9999    -9999    -9999    1        -9999    -9999    -9999    -9999    -9999    -9999    
GHCND:USW00014735                 ALBANY INTERNATIONAL AIRPORT NY US 20200227 0.62     0.0      0.0      36       42       26       14.8     270      250      33.1     45.0     -9999    -9999    -9999    1        -9999    1        -9999    -9999    -9999    -9999    
GHCND:USW00014735                 ALBANY INTERNATIONAL AIRPORT NY US 20200228 0.00     0.0      0.0      30       35       25       13.4     250      270      30.0     40.0     -9999    -9999    -9999    -9999    -9999    -9999    -9999    -9999    -9999    -9999    
GHCND:USW00014735                 ALBANY INTERNATIONAL AIRPORT NY US 20200229 0.00     0.0      0.1      26       30       19       12.8     290      290      28.0     38.0     -9999    -9999    -9999    -9999    -9999    -9999    -9999    -9999    -9999    -9999    
GHCND:USW00014735                 ALBANY INTERNATIONAL AIRPORT NY US 20200301 0.00     0.0      0.0      25       37       17       8.3      290      270      19.9     29.1     -9999    -9999    -9999    -9999    -9999    -9999    -9999    -9999    -9999    -9999    
GHCND:USW00014735                 ALBANY INTERNATIONAL AIRPORT NY US 20200302 0.00     0.0      0.0      39       58       30       10.5     160      180      23.0     31.1     -9999    -9999    -9999    -9999    -9999    -9999    -9999    1        -9999    -9999    
GHCND:USW00014735                 ALBANY INTERNATIONAL AIRPORT NY US 20200303 0.15     0.0      0.0      51       63       33       6.7      290      280      29.1     38.9     -9999    -9999    -9999    -9999    -9999    -9999    -9999    1        -9999    -9999    
GHCND:USW00014735                 ALBANY INTERNATIONAL AIRPORT NY US 20200304 0.00     0.0      0.0      46       50       38       16.1     290      290      36.9     47.0     -9999    -9999    -9999    -9999    -9999    -9999    -9999    -9999    -9999    -9999    
GHCND:USW00014735                 ALBANY INTERNATIONAL AIRPORT NY US 20200305 0.00     0.0      0.0      41       47       29       8.9      280      270      21.0     27.1     -9999    -9999    -9999    -9999    -9999    -9999    -9999    -9999    -9999    -9999    
GHCND:USW00014735                 ALBANY INTERNATIONAL AIRPORT NY US 20200306 0.00     0.0      0.0      37       48       25       6.7      20       10       23.0     32.0     -9999    -9999    -9999    -9999    -9999    -9999    -9999    -9999    -9999    -9999    
GHCND:USW00014735                 ALBANY INTERNATIONAL AIRPORT NY US 20200307 0.00     0.0      0.1      35       45       26       10.5     280      350      19.9     27.1     -9999    -9999    -9999    -9999    -9999    -9999    -9999    -9999    -9999    -9999    
GHCND:USW00014735                 ALBANY INTERNATIONAL AIRPORT NY US 20200308 0.00     0.0      0.0      39       59       27       4.9      290      280      18.1     21.9     -9999    -9999    -9999    -9999    -9999    -9999    -9999    -9999    -9999    -9999    
GHCND:USW00014735                 ALBANY INTERNATIONAL AIRPORT NY US 20200309 0.00     0.0      0.0      55       75       43       8.9      170      250      16.1     21.0     -9999    -9999    -9999    -9999    -9999    -9999    -9999    -9999    -9999    -9999    
GHCND:USW00014735                 ALBANY INTERNATIONAL AIRPORT NY US 20200310 0.15     0.0      0.0      59       63       44       13.4     280      290      32.0     42.1     -9999    -9999    -9999    -9999    -9999    -9999    -9999    -9999    -9999    -9999    
GHCND:USW00014735                 ALBANY INTERNATIONAL AIRPORT NY US 20200311 0.00     0.0      0.0      44       48       35       10.1     290      290      28.0     38.0     -9999    -9999    -9999    -9999    -9999    -9999    -9999    -9999    -9999    -9999    
GHCND:USW00014735                 ALBANY INTERNATIONAL AIRPORT NY US 20200312 0.00     0.0      0.0      41       53       34       8.3      160      180      19.9     28.0     -9999    -9999    -9999    -9999    -9999    -9999    -9999    -9999    -9999    -9999    
GHCND:USW00014735                 ALBANY INTERNATIONAL AIRPORT NY US 20200313 0.25     0.0      0.0      48       57       40       15.2     310      310      32.0     38.0     -9999    -9999    -9999    1        -9999    -9999    -9999    -9999    -9999    -9999    
GHCND:USW00014735                 ALBANY INTERNATIONAL AIRPORT NY US 20200314 0.00     0.0      0.0      42       46       38       16.3     280      290      29.1     40.0     -9999    -9999    -9999    -9999    -9999    -9999    -9999    -9999    -9999    -9999    
GHCND:USW00014735                 ALBANY INTERNATIONAL AIRPORT NY US 20200315 0.00     0.0      0.0      39       48       27       9.6      10       360      16.1     21.9     -9999    -9999    -9999    -9999    -9999    -9999    -9999    -9999    -9999    -9999    
GHCND:USW00014735                 ALBANY INTERNATIONAL AIRPORT NY US 20200316 0.00     0.0      0.0      32       47       20       8.1      180      190      23.0     32.0     -9999    -9999    -9999    -9999    -9999    -9999    -9999    -9999    -9999    -9999    
GHCND:USW00014735                 ALBANY INTERNATIONAL AIRPORT NY US 20200317 0.02     0.0      0.2      40       51       35       11.4     330      330      21.9     31.1     -9999    -9999    -9999    -9999    -9999    1        -9999    -9999    -9999    -9999    
GHCND:USW00014735                 ALBANY INTERNATIONAL AIRPORT NY US 20200318 0.00     0.0      0.0      43       54       30       6.0      170      180      17.0     25.1     -9999    -9999    -9999    -9999    -9999    -9999    -9999    -9999    -9999    -9999    
GHCND:USW00014735                 ALBANY INTERNATIONAL AIRPORT NY US 20200319 0.63     0.0      0.0      45       51       38       4.9      170      180      17.0     25.9     -9999    -9999    -9999    1        -9999    -9999    -9999    -9999    -9999    -9999    
GHCND:USW00014735                 ALBANY INTERNATIONAL AIRPORT NY US 20200320 0.11     0.0      0.0      52       74       44       15.4     280      280      35.1     42.9     -9999    -9999    -9999    -9999    -9999    -9999    -9999    -9999    -9999    -9999    
GHCND:USW00014735                 ALBANY INTERNATIONAL AIRPORT NY US 20200321 0.00     0.0      0.0      43       46       28       10.5     290      300      25.1     35.1     -9999    -9999    -9999    -9999    -9999    -9999    -9999    -9999    -9999    -9999    
GHCND:USW00014735                 ALBANY INTERNATIONAL AIRPORT NY US 20200322 0.00     0.0      0.0      32       42       23       7.6      160      160      21.0     27.1     -9999    -9999    -9999    -9999    -9999    -9999    -9999    -9999    -9999    -9999    
GHCND:USW00014735                 ALBANY INTERNATIONAL AIRPORT NY US 20200323 0.63     0.0      6.1      35       37       32       8.1      160      140      18.1     28.0     -9999    -9999    -9999    1        -9999    -9999    1        1        -9999    -9999    
GHCND:USW00014735                 ALBANY INTERNATIONAL AIRPORT NY US 20200324 0.00     5.1      0.0      36       43       33       4.3      330      330      10.1     13.0     -9999    -9999    -9999    1        -9999    -9999    -9999    -9999    -9999    -9999    
GHCND:USW00014735                 ALBANY INTERNATIONAL AIRPORT NY US 20200325 0.00     1.2      0.0      38       47       28       2.2      140      320      8.1      15.0     -9999    -9999    -9999    1        -9999    -9999    -9999    -9999    -9999    -9999    
GHCND:USW00014735                 ALBANY INTERNATIONAL AIRPORT NY US 20200326 0.00     0.0      0.0      43       60       27       6.3      190      180      17.0     21.0     -9999    -9999    -9999    1        -9999    -9999    -9999    -9999    -9999    -9999    
GHCND:USW00014735                 ALBANY INTERNATIONAL AIRPORT NY US 20200327 0.00     0.0      0.0      53       60       41       11.4     290      290      19.9     28.0     -9999    -9999    -9999    -9999    -9999    -9999    -9999    -9999    -9999    -9999    
GHCND:USW00014735                 ALBANY INTERNATIONAL AIRPORT NY US 20200328 0.29     0.0      0.0      42       51       30       2.9      190      180      15.0     18.1     -9999    -9999    1        1        -9999    -9999    -9999    -9999    -9999    -9999    
GHCND:USW00014735                 ALBANY INTERNATIONAL AIRPORT NY US 20200329 0.50     0.0      0.0      46       51       43       6.5      160      180      21.9     30.0     -9999    -9999    -9999    1        -9999    -9999    -9999    -9999    -9999    1        
GHCND:USW00014735                 ALBANY INTERNATIONAL AIRPORT NY US 20200330 0.14     0.0      0.0      45       47       39       6.5      180      180      18.1     25.1     -9999    -9999    -9999    -9999    -9999    -9999    -9999    -9999    -9999    -9999    
GHCND:USW00014735                 ALBANY INTERNATIONAL AIRPORT NY US 20200331 0.06     0.0      0.0      43       48       38       3.8      30       80       12.1     15.0     -9999    -9999    -9999    -9999    -9999    -9999    -9999    -9999    -9999    -9999    
GHCND:USW00014735                 ALBANY INTERNATIONAL AIRPORT NY US 20200401 0.00     0.0      0.0      43       55       32       7.8      20       10       18.1     25.1     -9999    -9999    -9999    -9999    -9999    -9999    -9999    -9999    -9999    -9999    
GHCND:USW00014735                 ALBANY INTERNATIONAL AIRPORT NY US 20200402 0.02     0.0      0.0      45       57       38       11.2     320      330      23.0     30.0     -9999    -9999    -9999    -9999    -9999    -9999    -9999    -9999    -9999    -9999    
GHCND:USW00014735                 ALBANY INTERNATIONAL AIRPORT NY US 20200403 0.20     0.0      0.0      46       51       42       8.7      10       20       17.0     23.9     -9999    -9999    -9999    1        -9999    -9999    -9999    -9999    -9999    -9999    
GHCND:USW00014735                 ALBANY INTERNATIONAL AIRPORT NY US 20200404 0.00     0.0      0.0      53       63       46       4.7      360      320      13.0     16.1     -9999    -9999    -9999    -9999    -9999    -9999    -9999    -9999    -9999    -9999    
GHCND:USW00014735                 ALBANY INTERNATIONAL AIRPORT NY US 20200405 0.00     0.0      0.0      55       62       47       6.5      290      270      19.9     23.9     -9999    -9999    -9999    -9999    -9999    -9999    -9999    -9999    -9999    -9999    
GHCND:USW00014735                 ALBANY INTERNATIONAL AIRPORT NY US 20200406 0.00     0.0      0.0      51       62       39       8.9      270      280      23.0     30.0     -9999    -9999    -9999    -9999    -9999    -9999    -9999    -9999    -9999    -9999    
GHCND:USW00014735                 ALBANY INTERNATIONAL AIRPORT NY US 20200407 0.04     0.0      0.0      54       65       42       8.5      280      280      21.0     27.1     -9999    -9999    -9999    -9999    -9999    -9999    -9999    -9999    -9999    -9999    
GHCND:USW00014735                 ALBANY INTERNATIONAL AIRPORT NY US 20200408 0.16     0.0      0.0      52       60       42       6.7      260      280      18.1     23.0     -9999    -9999    -9999    1        -9999    -9999    -9999    -9999    -9999    -9999    
GHCND:USW00014735                 ALBANY INTERNATIONAL AIRPORT NY US 20200409 0.36     0.0      0.0      47       51       40       15.2     290      290      35.1     51.0     -9999    -9999    -9999    1        -9999    -9999    -9999    -9999    -9999    -9999    
GHCND:USW00014735                 ALBANY INTERNATIONAL AIRPORT NY US 20200410 0.00     0.0      0.0      42       48       37       18.6     300      300      32.0     44.1     -9999    -9999    -9999    -9999    -9999    -9999    -9999    -9999    -9999    -9999    
GHCND:USW00014735                 ALBANY INTERNATIONAL AIRPORT NY US 20200411 0.00     0.0      0.0      42       50       32       14.3     290      290      30.0     42.1     -9999    -9999    -9999    -9999    -9999    -9999    -9999    -9999    -9999    -9999    
GHCND:USW00014735                 ALBANY INTERNATIONAL AIRPORT NY US 20200412 0.00     0.0      0.0      45       64       29       10.7     170      170      21.0     25.9     -9999    -9999    -9999    -9999    -9999    -9999    -9999    -9999    -9999    -9999    
GHCND:USW00014735                 ALBANY INTERNATIONAL AIRPORT NY US 20200413 0.61     0.0      0.0      60       64       49       16.8     290      270      31.1     44.1     -9999    -9999    -9999    1        -9999    -9999    -9999    -9999    1        -9999    
GHCND:USW00014735                 ALBANY INTERNATIONAL AIRPORT NY US 20200414 0.00     0.0      0.0      49       52       40       10.5     280      280      23.9     32.0     -9999    -9999    -9999    -9999    -9999    -9999    -9999    -9999    -9999    -9999    
GHCND:USW00014735                 ALBANY INTERNATIONAL AIRPORT NY US 20200415 0.00     0.0      0.0      43       48       33       10.5     270      260      23.0     29.1     -9999    -9999    -9999    -9999    -9999    -9999    -9999    -9999    -9999    -9999    
GHCND:USW00014735                 ALBANY INTERNATIONAL AIRPORT NY US 20200416 0.01     0.0      0.1      39       45       33       13.4     270      290      32.0     38.0     -9999    -9999    -9999    -9999    -9999    -9999    -9999    -9999    -9999    -9999    
GHCND:USW00014735                 ALBANY INTERNATIONAL AIRPORT NY US 20200417 0.15     0.0      0.3      39       50       27       7.6      280      270      19.9     28.0     -9999    -9999    -9999    1        -9999    -9999    -9999    -9999    -9999    -9999    
GHCND:USW00014735                 ALBANY INTERNATIONAL AIRPORT NY US 20200418 0.15     0.0      0.5      39       49       34       8.1      280      280      16.1     21.0     -9999    -9999    -9999    1        -9999    -9999    -9999    -9999    -9999    -9999    
GHCND:USW00014735                 ALBANY INTERNATIONAL AIRPORT NY US 20200419 0.00     0.0      0.0      47       67       28       10.5     280      290      23.9     35.1     -9999    -9999    -9999    -9999    -9999    -9999    -9999    -9999    -9999    -9999    
GHCND:USW00014735                 ALBANY INTERNATIONAL AIRPORT NY US 20200420 0.00     0.0      0.0      48       54       36       7.6      280      280      21.0     23.0     -9999    -9999    -9999    -9999    -9999    -9999    -9999    -9999    -9999    -9999    
GHCND:USW00014735                 ALBANY INTERNATIONAL AIRPORT NY US 20200421 0.15     0.0      0.0      42       52       31       12.3     300      290      30.0     42.9     -9999    -9999    -9999    1        -9999    -9999    -9999    1        -9999    -9999    
GHCND:USW00014735                 ALBANY INTERNATIONAL AIRPORT NY US 20200422 0.00     0.0      0.1      37       46       30       20.1     280      270      36.0     53.0     -9999    -9999    -9999    1        -9999    -9999    -9999    -9999    -9999    -9999    
GHCND:USW00014735                 ALBANY INTERNATIONAL AIRPORT NY US 20200423 0.00     0.0      0.0      40       56       28       6.9      180      170      16.1     21.0     -9999    -9999    -9999    -9999    -9999    -9999    -9999    -9999    -9999    -9999    
GHCND:USW00014735                 ALBANY INTERNATIONAL AIRPORT NY US 20200424 0.04     0.0      0.0      46       54       40       2.9      10       360      8.9      13.0     -9999    -9999    -9999    -9999    -9999    -9999    -9999    -9999    -9999    -9999    
GHCND:USW00014735                 ALBANY INTERNATIONAL AIRPORT NY US 20200425 0.00     0.0      0.0      52       67       41       2.2      350      150      10.1     15.0     -9999    -9999    -9999    -9999    -9999    -9999    -9999    -9999    -9999    -9999    
GHCND:USW00014735                 ALBANY INTERNATIONAL AIRPORT NY US 20200426 0.62     0.0      0.0      52       57       37       9.2      10       140      18.1     28.0     -9999    -9999    -9999    1        -9999    -9999    -9999    -9999    -9999    -9999    
GHCND:USW00014735                 ALBANY INTERNATIONAL AIRPORT NY US 20200427 0.18     0.0      0.0      42       46       37       10.5     10       30       19.9     25.1     -9999    -9999    -9999    -9999    -9999    -9999    -9999    -9999    -9999    -9999    
GHCND:USW00014735                 ALBANY INTERNATIONAL AIRPORT NY US 20200428 0.00     0.0      0.0      48       63       39       6.5      330      340      16.1     23.0     -9999    -9999    -9999    -9999    -9999    -9999    -9999    -9999    -9999    -9999    
GHCND:USW00014735                 ALBANY INTERNATIONAL AIRPORT NY US 20200429 0.00     0.0      0.0      53       66       39       8.5      160      320      23.0     38.0     -9999    -9999    -9999    -9999    -9999    -9999    -9999    -9999    -9999    -9999    
GHCND:USW00014735                 ALBANY INTERNATIONAL AIRPORT NY US 20200430 0.43     0.0      0.0      52       59       47       11.9     150      150      21.9     33.1     -9999    -9999    -9999    -9999    -9999    -9999    -9999    -9999    -9999    -9999    
GHCND:USW00014735                 ALBANY INTERNATIONAL AIRPORT NY US 20200501 0.30     0.0      0.0      58       61       49       7.2      320      280      19.9     25.1     -9999    -9999    -9999    1        -9999    -9999    -9999    -9999    1        -9999    
GHCND:USW00014735                 ALBANY INTERNATIONAL AIRPORT NY US 20200502 0.01     0.0      0.0      57       72       43       9.4      280      280      21.0     28.0     -9999    -9999    -9999    -9999    -9999    -9999    -9999    -9999    -9999    -9999    
GHCND:USW00014735                 ALBANY INTERNATIONAL AIRPORT NY US 20200503 0.00     0.0      0.0      66       78       54       11.0     300      300      25.1     33.1     -9999    -9999    -9999    -9999    -9999    -9999    -9999    -9999    -9999    -9999    
GHCND:USW00014735                 ALBANY INTERNATIONAL AIRPORT NY US 20200504 0.00     0.0      0.0      58       61       45       13.2     280      290      25.9     36.0     -9999    -9999    -9999    -9999    -9999    -9999    -9999    -9999    -9999    -9999    
GHCND:USW00014735                 ALBANY INTERNATIONAL AIRPORT NY US 20200505 0.00     0.0      0.0      48       59       38       9.6      300      300      18.1     25.9     -9999    -9999    -9999    -9999    -9999    -9999    -9999    -9999    -9999    -9999    
GHCND:USW00014735                 ALBANY INTERNATIONAL AIRPORT NY US 20200506 0.00     0.0      0.0      49       59       34       2.0      320      330      16.1     28.0     -9999    -9999    -9999    -9999    -9999    -9999    -9999    -9999    -9999    -9999    
GHCND:USW00014735                 ALBANY INTERNATIONAL AIRPORT NY US 20200507 0.08     0.0      0.0      55       65       43       11.0     270      280      25.1     34.0     -9999    -9999    -9999    -9999    -9999    -9999    -9999    -9999    -9999    -9999    
GHCND:USW00014735                 ALBANY INTERNATIONAL AIRPORT NY US 20200508 0.12     0.0      0.0      49       57       35       9.2      250      300      16.1     19.9     -9999    -9999    -9999    1        -9999    -9999    -9999    -9999    -9999    -9999    
GHCND:USW00014735                 ALBANY INTERNATIONAL AIRPORT NY US 20200509 0.00     0.0      0.0      38       45       33       19.9     290      290      31.1     31.1     -9999    -9999    -9999    -9999    -9999    -9999    -9999    -9999    -9999    -9999    
GHCND:USW00014735                 ALBANY INTERNATIONAL AIRPORT NY US 20200510 0.00     0.0      0.0      45       58       36       11.9     300      300      19.9     32.0     -9999    -9999    -9999    -9999    -9999    -9999    -9999    -9999    -9999    -9999    
GHCND:USW00014735                 ALBANY INTERNATIONAL AIRPORT NY US 20200511 0.20     0.0      0.0      48       63       38       8.1      270      270      28.0     38.9     -9999    -9999    -9999    1        -9999    -9999    -9999    -9999    -9999    -9999    
GHCND:USW00014735                 ALBANY INTERNATIONAL AIRPORT NY US 20200512 0.00     0.0      0.0      46       54       37       17.7     260      270      32.0     40.9     -9999    -9999    -9999    -9999    -9999    -9999    -9999    -9999    -9999    -9999    
GHCND:USW00014735                 ALBANY INTERNATIONAL AIRPORT NY US 20200513 0.00     0.0      0.0      45       59       29       12.3     270      270      23.9     31.1     -9999    -9999    -9999    -9999    -9999    -9999    -9999    -9999    -9999    -9999    
GHCND:USW00014735                 ALBANY INTERNATIONAL AIRPORT NY US 20200514 0.00     0.0      0.0      52       70       33       5.6      160      170      14.1     21.0     -9999    -9999    -9999    -9999    -9999    -9999    -9999    -9999    -9999    -9999    
GHCND:USW00014735                 ALBANY INTERNATIONAL AIRPORT NY US 20200515 0.22     0.0      0.0      67       84       57       8.3      290      310      38.0     57.9     -9999    -9999    -9999    -9999    -9999    -9999    -9999    -9999    1        1        
GHCND:USW00014735                 ALBANY INTERNATIONAL AIRPORT NY US 20200516 0.00     0.0      0.0      66       73       55       9.6      290      270      21.0     25.1     -9999    -9999    -9999    -9999    -9999    -9999    -9999    -9999    -9999    -9999    
GHCND:USW00014735                 ALBANY INTERNATIONAL AIRPORT NY US 20200517 0.00     0.0      0.0      62       74       54       5.8      140      160      14.1     19.0     -9999    -9999    -9999    -9999    -9999    -9999    -9999    -9999    -9999    -9999    
GHCND:USW00014735                 ALBANY INTERNATIONAL AIRPORT NY US 20200518 0.19     0.0      0.0      61       69       54       4.9      160      360      12.1     15.0     -9999    -9999    -9999    1        -9999    -9999    -9999    -9999    -9999    -9999    
GHCND:USW00014735                 ALBANY INTERNATIONAL AIRPORT NY US 20200519 0.00     0.0      0.0      62       70       52       7.6      90       110      16.1     21.0     -9999    -9999    -9999    -9999    -9999    -9999    -9999    -9999    -9999    -9999    
GHCND:USW00014735                 ALBANY INTERNATIONAL AIRPORT NY US 20200520 0.00     0.0      0.0      61       75       45       4.9      160      160      17.0     23.0     -9999    -9999    -9999    -9999    -9999    -9999    -9999    -9999    -9999    -9999    
GHCND:USW00014735                 ALBANY INTERNATIONAL AIRPORT NY US 20200521 0.00     0.0      0.0      63       78       46       7.8      160      160      16.1     21.0     -9999    -9999    -9999    -9999    -9999    -9999    -9999    -9999    -9999    -9999    
GHCND:USW00014735                 ALBANY INTERNATIONAL AIRPORT NY US 20200522 0.00     0.0      0.0      69       83       55       6.7      160      150      15.0     21.9     -9999    -9999    -9999    -9999    -9999    -9999    -9999    -9999    -9999    -9999    
GHCND:USW00014735                 ALBANY INTERNATIONAL AIRPORT NY US 20200523 0.00     0.0      0.0      75       85       60       7.4      140      150      16.1     21.9     -9999    -9999    -9999    -9999    -9999    -9999    -9999    -9999    -9999    -9999    
GHCND:USW00014735                 ALBANY INTERNATIONAL AIRPORT NY US 20200524 0.00     0.0      0.0      66       79       49       7.4      160      160      21.0     28.0     -9999    -9999    -9999    -9999    -9999    -9999    -9999    -9999    -9999    -9999    
GHCND:USW00014735                 ALBANY INTERNATIONAL AIRPORT NY US 20200525 0.00     0.0      0.0      67       80       55       11.4     170      160      18.1     25.1     -9999    -9999    -9999    -9999    -9999    -9999    -9999    -9999    -9999    -9999    
GHCND:USW00014735                 ALBANY INTERNATIONAL AIRPORT NY US 20200526 0.00     0.0      0.0      75       90       64       6.7      160      160      16.1     21.0     -9999    -9999    -9999    -9999    -9999    -9999    -9999    -9999    -9999    -9999    
GHCND:USW00014735                 ALBANY INTERNATIONAL AIRPORT NY US 20200527 0.00     0.0      0.0      78       89       68       11.2     160      150      19.9     27.1     -9999    -9999    -9999    -9999    -9999    -9999    -9999    -9999    -9999    -9999    
GHCND:USW00014735                 ALBANY INTERNATIONAL AIRPORT NY US 20200528 0.00     0.0      0.0      75       83       68       12.5     160      170      21.9     31.1     -9999    -9999    -9999    -9999    -9999    -9999    -9999    -9999    -9999    -9999    
GHCND:USW00014735                 ALBANY INTERNATIONAL AIRPORT NY US 20200529 0.35     0.0      0.0      78       89       70       10.7     180      150      21.9     30.0     -9999    -9999    -9999    -9999    -9999    -9999    -9999    -9999    -9999    1        
GHCND:USW00014735                 ALBANY INTERNATIONAL AIRPORT NY US 20200530 0.05     0.0      0.0      70       78       58       10.3     280      280      31.1     40.0     -9999    -9999    -9999    -9999    -9999    -9999    -9999    -9999    -9999    -9999    
GHCND:USW00014735                 ALBANY INTERNATIONAL AIRPORT NY US 20200531 0.00     0.0      0.0      58       65       46       11.9     280      290      23.9     35.1     -9999    -9999    -9999    -9999    -9999    -9999    -9999    -9999    -9999    -9999    
GHCND:USW00014735                 ALBANY INTERNATIONAL AIRPORT NY US 20200601 0.00     0.0      0.0      54       68       41       4.9      290      300      23.0     31.1     -9999    -9999    -9999    -9999    -9999    -9999    -9999    -9999    -9999    -9999    
GHCND:USW00014735                 ALBANY INTERNATIONAL AIRPORT NY US 20200602 0.03     0.0      0.0      58       71       45       2.9      190      160      10.1     14.1     -9999    -9999    -9999    -9999    -9999    -9999    -9999    -9999    -9999    -9999    
GHCND:USW00014735                 ALBANY INTERNATIONAL AIRPORT NY US 20200603 0.00     0.0      0.0      66       81       58       6.3      280      260      23.0     30.0     -9999    -9999    -9999    -9999    -9999    -9999    -9999    -9999    -9999    -9999    
GHCND:USW00014735                 ALBANY INTERNATIONAL AIRPORT NY US 20200604 0.00     0.0      0.0      74       90       59       5.8      260      270      16.1     21.9     -9999    -9999    -9999    -9999    -9999    -9999    -9999    -9999    -9999    -9999    
GHCND:USW00014735                 ALBANY INTERNATIONAL AIRPORT NY US 20200605 0.07     0.0      0.0      77       85       71       7.4      160      160      15.0     21.0     -9999    -9999    -9999    -9999    -9999    -9999    -9999    -9999    -9999    1        
GHCND:USW00014735                 ALBANY INTERNATIONAL AIRPORT NY US 20200606 0.00     0.0      0.0      78       86       60       11.6     320      320      31.1     38.9     -9999    -9999    -9999    -9999    -9999    -9999    -9999    -9999    -9999    -9999    
GHCND:USW00014735                 ALBANY INTERNATIONAL AIRPORT NY US 20200607 0.00     0.0      0.0      65       75       54       6.9      320      300      18.1     23.0     -9999    -9999    -9999    -9999    -9999    -9999    -9999    -9999    -9999    -9999    
GHCND:USW00014735                 ALBANY INTERNATIONAL AIRPORT NY US 20200608 0.00     0.0      0.0      65       81       49       6.7      260      270      19.9     25.9     -9999    -9999    -9999    -9999    -9999    -9999    -9999    -9999    -9999    -9999    
GHCND:USW00014735                 ALBANY INTERNATIONAL AIRPORT NY US 20200609 0.00     0.0      0.0      72       88       58       5.8      360      360      17.0     21.9     -9999    -9999    -9999    -9999    -9999    -9999    -9999    -9999    -9999    -9999    
GHCND:USW00014735                 ALBANY INTERNATIONAL AIRPORT NY US 20200610 0.02     0.0      0.0      73       86       59       9.2      150      150      19.9     30.0     -9999    -9999    -9999    -9999    -9999    -9999    -9999    -9999    -9999    -9999    
GHCND:USW00014735                 ALBANY INTERNATIONAL AIRPORT NY US 20200611 0.44     0.0      0.0      78       88       61       11.4     270      150      21.9     28.0     -9999    -9999    -9999    1        -9999    -9999    -9999    -9999    -9999    -9999    
GHCND:USW00014735                 ALBANY INTERNATIONAL AIRPORT NY US 20200612 0.00     0.0      0.0      71       81       55       9.8      300      310      23.9     29.1     -9999    -9999    -9999    -9999    -9999    -9999    -9999    -9999    -9999    -9999    
GHCND:USW00014735                 ALBANY INTERNATIONAL AIRPORT NY US 20200613 0.00     0.0      0.0      59       66       46       7.6      250      280      17.0     19.9     -9999    -9999    -9999    -9999    -9999    -9999    -9999    -9999    -9999    -9999    
GHCND:USW00014735                 ALBANY INTERNATIONAL AIRPORT NY US 20200614 0.00     0.0      0.0      56       71       43       4.3      340      330      10.1     15.0     -9999    -9999    -9999    -9999    -9999    -9999    -9999    -9999    -9999    -9999    
GHCND:USW00014735                 ALBANY INTERNATIONAL AIRPORT NY US 20200615 0.00     0.0      0.0      63       78       49       3.1      40       40       12.1     14.1     -9999    -9999    -9999    -9999    -9999    -9999    -9999    -9999    -9999    -9999    
GHCND:USW00014735                 ALBANY INTERNATIONAL AIRPORT NY US 20200616 0.00     0.0      0.0      67       83       49       2.7      40       30       10.1     15.0     -9999    -9999    -9999    1        -9999    -9999    -9999    -9999    -9999    -9999    
GHCND:USW00014735                 ALBANY INTERNATIONAL AIRPORT NY US 20200617 0.00     0.0      0.0      72       87       55       3.1      150      160      13.0     17.0     -9999    -9999    -9999    -9999    -9999    -9999    -9999    -9999    -9999    -9999    
GHCND:USW00014735                 ALBANY INTERNATIONAL AIRPORT NY US 20200618 0.00     0.0      0.0      75       88       62       8.1      170      140      17.0     21.9     -9999    -9999    -9999    -9999    -9999    -9999    -9999    -9999    -9999    -9999    
GHCND:USW00014735                 ALBANY INTERNATIONAL AIRPORT NY US 20200619 0.00     0.0      0.0      78       88       70       5.8      180      170      13.0     16.1     -9999    -9999    -9999    -9999    -9999    -9999    -9999    -9999    -9999    -9999    
GHCND:USW00014735                 ALBANY INTERNATIONAL AIRPORT NY US 20200620 0.00     0.0      0.0      80       91       68       4.7      190      170      13.0     16.1     -9999    -9999    -9999    -9999    -9999    -9999    -9999    -9999    -9999    -9999    
GHCND:USW00014735                 ALBANY INTERNATIONAL AIRPORT NY US 20200621 0.00     0.0      0.0      81       92       69       6.5      160      150      13.0     18.1     -9999    -9999    -9999    -9999    -9999    -9999    -9999    -9999    -9999    -9999    
GHCND:USW00014735                 ALBANY INTERNATIONAL AIRPORT NY US 20200622 0.00     0.0      0.0      83       95       70       5.6      150      140      13.0     17.0     -9999    -9999    -9999    -9999    -9999    -9999    -9999    -9999    -9999    -9999    
GHCND:USW00014735                 ALBANY INTERNATIONAL AIRPORT NY US 20200623 0.00     0.0      0.0      84       93       75       12.8     160      160      21.9     30.0     -9999    -9999    -9999    -9999    -9999    -9999    -9999    -9999    -9999    -9999    
GHCND:USW00014735                 ALBANY INTERNATIONAL AIRPORT NY US 20200624 0.37     0.0      0.0      78       85       65       9.4      290      280      18.1     23.0     -9999    -9999    -9999    1        -9999    -9999    -9999    -9999    -9999    -9999    
GHCND:USW00014735                 ALBANY INTERNATIONAL AIRPORT NY US 20200625 0.00     0.0      0.0      73       87       57       6.7      200      210      19.9     23.0     -9999    -9999    -9999    -9999    -9999    -9999    -9999    -9999    -9999    -9999    
GHCND:USW00014735                 ALBANY INTERNATIONAL AIRPORT NY US 20200626 0.00     0.0      0.0      74       85       63       4.3      220      290      16.1     21.0     -9999    -9999    -9999    -9999    -9999    -9999    -9999    -9999    -9999    -9999    
GHCND:USW00014735                 ALBANY INTERNATIONAL AIRPORT NY US 20200627 0.21     0.0      0.0      68       72       61       3.6      110      140      10.1     14.1     -9999    -9999    -9999    1        -9999    -9999    -9999    -9999    -9999    -9999    
GHCND:USW00014735                 ALBANY INTERNATIONAL AIRPORT NY US 20200628 0.12     0.0      0.0      70       77       66       4.3      320      320      12.1     14.1     -9999    -9999    -9999    1        -9999    -9999    1        -9999    1        1        
GHCND:USW00014735                 ALBANY INTERNATIONAL AIRPORT NY US 20200629 0.44     0.0      0.0      71       83       65       6.0      330      330      25.1     36.0     -9999    -9999    -9999    1        -9999    -9999    -9999    -9999    -9999    1        
GHCND:USW00014735                 ALBANY INTERNATIONAL AIRPORT NY US 20200630 0.28     0.0      0.0      70       81       65       4.3      60       90       21.0     28.0     -9999    -9999    -9999    1        -9999    -9999    -9999    -9999    -9999    1        
GHCND:USW00014735                 ALBANY INTERNATIONAL AIRPORT NY US 20200701 0.00     0.0      0.0      71       83       64       4.5      310      310      16.1     19.9     -9999    -9999    -9999    1        -9999    -9999    -9999    -9999    -9999    -9999    
GHCND:USW00014735                 ALBANY INTERNATIONAL AIRPORT NY US 20200702 0.41     0.0      0.0      74       93       63       3.8      350      360      32.0     42.1     -9999    -9999    -9999    -9999    -9999    -9999    -9999    -9999    -9999    1        
GHCND:USW00014735                 ALBANY INTERNATIONAL AIRPORT NY US 20200703 0.49     0.0      0.0      75       83       68       2.9      60       50       30.0     36.9     -9999    -9999    -9999    1        -9999    -9999    -9999    -9999    -9999    1        
GHCND:USW00014735                 ALBANY INTERNATIONAL AIRPORT NY US 20200704 0.00     0.0      0.0      75       89       65       2.9      20       10       10.1     13.0     -9999    -9999    -9999    1        -9999    -9999    1        -9999    -9999    -9999    
GHCND:USW00014735                 ALBANY INTERNATIONAL AIRPORT NY US 20200705 0.00     0.0      0.0      78       91       62       4.7      250      240      18.1     23.0     -9999    -9999    -9999    -9999    -9999    -9999    -9999    -9999    -9999    -9999    
GHCND:USW00014735                 ALBANY INTERNATIONAL AIRPORT NY US 20200706 0.00     0.0      0.0      77       88       66       4.7      160      160      14.1     21.0     -9999    -9999    -9999    -9999    -9999    -9999    -9999    -9999    -9999    -9999    
GHCND:USW00014735                 ALBANY INTERNATIONAL AIRPORT NY US 20200707 0.00     0.0      0.0      77       85       69       12.1     150      160      19.9     27.1     -9999    -9999    -9999    -9999    -9999    -9999    -9999    -9999    -9999    -9999    
GHCND:USW00014735                 ALBANY INTERNATIONAL AIRPORT NY US 20200708 0.13     0.0      0.0      78       89       73       8.3      30       20       25.9     33.1     -9999    -9999    -9999    -9999    -9999    -9999    -9999    -9999    -9999    1        
GHCND:USW00014735                 ALBANY INTERNATIONAL AIRPORT NY US 20200709 0.00     0.0      0.0      80       94       73       6.0      170      160      13.0     19.0     -9999    -9999    -9999    -9999    -9999    -9999    -9999    -9999    -9999    -9999    
GHCND:USW00014735                 ALBANY INTERNATIONAL AIRPORT NY US 20200710 0.12     0.0      0.0      81       88       74       6.7      120      110      14.1     19.9     -9999    -9999    -9999    -9999    -9999    -9999    -9999    -9999    -9999    -9999    
GHCND:USW00014735                 ALBANY INTERNATIONAL AIRPORT NY US 20200711 0.15     0.0      0.0      80       90       74       13.0     160      170      23.0     30.0     -9999    -9999    -9999    1        -9999    -9999    -9999    -9999    -9999    -9999    
GHCND:USW00014735                 ALBANY INTERNATIONAL AIRPORT NY US 20200712 0.00     0.0      0.0      81       90       74       10.5     260      260      21.9     27.1     -9999    -9999    -9999    -9999    -9999    -9999    -9999    -9999    -9999    -9999    
GHCND:USW00014735                 ALBANY INTERNATIONAL AIRPORT NY US 20200713 0.00     0.0      0.0      78       88       68       6.9      320      310      17.0     21.0     -9999    -9999    -9999    -9999    -9999    -9999    -9999    -9999    -9999    -9999    
GHCND:USW00014735                 ALBANY INTERNATIONAL AIRPORT NY US 20200714 0.00     0.0      0.0      74       84       67       5.8      10       360      17.0     21.9     -9999    -9999    -9999    -9999    -9999    -9999    -9999    -9999    -9999    1        
GHCND:USW00014735                 ALBANY INTERNATIONAL AIRPORT NY US 20200715 0.00     0.0      0.0      74       86       65       4.5      140      160      13.0     18.1     -9999    -9999    -9999    1        -9999    -9999    -9999    -9999    -9999    -9999    
GHCND:USW00014735                 ALBANY INTERNATIONAL AIRPORT NY US 20200716 0.53     0.0      0.0      75       80       65       12.5     160      150      21.0     28.0     -9999    -9999    -9999    -9999    -9999    -9999    -9999    -9999    -9999    -9999    
GHCND:USW00014735                 ALBANY INTERNATIONAL AIRPORT NY US 20200717 0.28     0.0      0.0      70       81       62       9.4      160      140      18.1     25.9     -9999    -9999    -9999    1        -9999    -9999    -9999    -9999    1        1        
GHCND:USW00014735                 ALBANY INTERNATIONAL AIRPORT NY US 20200718 0.00     0.0      0.0      73       87       59       2.5      260      260      12.1     15.0     -9999    -9999    -9999    1        -9999    -9999    -9999    -9999    -9999    -9999    
GHCND:USW00014735                 ALBANY INTERNATIONAL AIRPORT NY US 20200719 0.00     0.0      0.0      77       93       64       7.4      240      170      17.0     23.0     -9999    -9999    -9999    1        -9999    -9999    -9999    -9999    -9999    -9999    
GHCND:USW00014735                 ALBANY INTERNATIONAL AIRPORT NY US 20200720 0.00     0.0      0.0      81       87       69       8.7      280      270      21.0     25.9     -9999    -9999    -9999    -9999    -9999    -9999    -9999    -9999    -9999    -9999    
GHCND:USW00014735                 ALBANY INTERNATIONAL AIRPORT NY US 20200721 0.00     0.0      0.0      74       82       64       7.4      300      310      15.0     21.0     -9999    -9999    -9999    -9999    -9999    -9999    -9999    -9999    -9999    -9999    
GHCND:USW00014735                 ALBANY INTERNATIONAL AIRPORT NY US 20200722 0.14     0.0      0.0      71       85       64       4.5      280      260      19.9     25.1     -9999    -9999    -9999    1        -9999    -9999    -9999    -9999    -9999    1        
GHCND:USW00014735                 ALBANY INTERNATIONAL AIRPORT NY US 20200723 0.91     0.0      0.0      72       82       67       4.9      280      280      14.1     17.0     -9999    -9999    -9999    1        -9999    -9999    -9999    -9999    -9999    1        
GHCND:USW00014735                 ALBANY INTERNATIONAL AIRPORT NY US 20200724 0.00     0.0      0.0      73       82       65       3.4      350      360      13.0     15.0     -9999    -9999    -9999    -9999    -9999    -9999    -9999    -9999    -9999    -9999    
GHCND:USW00014735                 ALBANY INTERNATIONAL AIRPORT NY US 20200725 0.00     0.0      0.0      73       85       63       4.0      300      300      15.0     19.0     -9999    -9999    -9999    1        -9999    -9999    -9999    -9999    -9999    -9999    
GHCND:USW00014735                 ALBANY INTERNATIONAL AIRPORT NY US 20200726 0.00     0.0      0.0      75       87       62       6.9      260      270      16.1     21.0     -9999    -9999    -9999    -9999    -9999    -9999    -9999    -9999    -9999    -9999    
GHCND:USW00014735                 ALBANY INTERNATIONAL AIRPORT NY US 20200727 0.00     0.0      0.0      79       93       64       6.9      280      280      19.9     23.9     -9999    -9999    -9999    -9999    -9999    -9999    -9999    -9999    -9999    1        
GHCND:USW00014735                 ALBANY INTERNATIONAL AIRPORT NY US 20200728 0.35     0.0      0.0      76       81       61       6.3      310      300      21.9     28.0     -9999    -9999    -9999    1        -9999    -9999    -9999    -9999    -9999    1        
GHCND:USW00014735                 ALBANY INTERNATIONAL AIRPORT NY US 20200729 0.01     0.0      0.0      71       86       57       3.8      280      280      16.1     19.0     -9999    -9999    -9999    -9999    -9999    -9999    -9999    -9999    -9999    -9999    
GHCND:USW00014735                 ALBANY INTERNATIONAL AIRPORT NY US 20200730 0.05     0.0      0.0      71       81       63       5.4      270      260      18.1     25.1     -9999    -9999    -9999    1        -9999    -9999    -9999    -9999    -9999    -9999    
GHCND:USW00014735                 ALBANY INTERNATIONAL AIRPORT NY US 20200731 0.00     0.0      0.0      71       83       57       4.3      330      320      13.0     17.0     -9999    -9999    -9999    -9999    -9999    -9999    -9999    -9999    -9999    -9999    
GHCND:USW00014735                 ALBANY INTERNATIONAL AIRPORT NY US 20200801 0.00     0.0      0.0      74       85       63       2.5      350      340      8.9      13.0     -9999    -9999    -9999    -9999    -9999    -9999    -9999    -9999    -9999    -9999    
GHCND:USW00014735                 ALBANY INTERNATIONAL AIRPORT NY US 20200802 0.01     0.0      0.0      75       84       71       11.2     160      120      21.0     29.1     -9999    -9999    -9999    1        -9999    -9999    -9999    -9999    -9999    -9999    
GHCND:USW00014735                 ALBANY INTERNATIONAL AIRPORT NY US 20200803 0.00     0.0      0.0      76       82       66       7.6      270      260      21.0     25.9     -9999    -9999    -9999    -9999    -9999    -9999    -9999    -9999    -9999    -9999    
GHCND:USW00014735                 ALBANY INTERNATIONAL AIRPORT NY US 20200804 3.92     0.0      0.0      69       72       63       8.5      280      280      30.0     38.9     -9999    -9999    -9999    1        -9999    -9999    1        -9999    -9999    -9999    
GHCND:USW00014735                 ALBANY INTERNATIONAL AIRPORT NY US 20200805 0.00     0.0      0.0      69       79       58       7.2      270      280      17.0     23.9     -9999    -9999    -9999    1        -9999    -9999    -9999    -9999    -9999    -9999    
GHCND:USW00014735                 ALBANY INTERNATIONAL AIRPORT NY US 20200806 0.00     0.0      0.0      65       76       55       2.9      320      340      12.1     16.1     -9999    -9999    -9999    -9999    -9999    -9999    -9999    -9999    -9999    -9999    
GHCND:USW00014735                 ALBANY INTERNATIONAL AIRPORT NY US 20200807 0.07     0.0      0.0      64       73       58       2.7      320      90       8.1      12.1     -9999    -9999    -9999    1        -9999    -9999    -9999    -9999    -9999    -9999    
GHCND:USW00014735                 ALBANY INTERNATIONAL AIRPORT NY US 20200808 0.23     0.0      0.0      71       83       64       2.5      170      160      8.1      10.1     -9999    -9999    -9999    1        -9999    -9999    -9999    -9999    -9999    1        
GHCND:USW00014735                 ALBANY INTERNATIONAL AIRPORT NY US 20200809 0.00     0.0      0.0      74       85       64       4.5      240      240      12.1     14.1     -9999    -9999    -9999    -9999    -9999    -9999    -9999    -9999    -9999    -9999    
GHCND:USW00014735                 ALBANY INTERNATIONAL AIRPORT NY US 20200810 0.31     0.0      0.0      74       87       64       4.9      220      220      23.0     31.1     -9999    -9999    -9999    -9999    -9999    -9999    -9999    -9999    -9999    1        
GHCND:USW00014735                 ALBANY INTERNATIONAL AIRPORT NY US 20200811 0.01     0.0      0.0      75       87       66       8.5      280      280      23.9     30.0     -9999    -9999    -9999    -9999    -9999    -9999    -9999    -9999    -9999    1        
GHCND:USW00014735                 ALBANY INTERNATIONAL AIRPORT NY US 20200812 0.00     0.0      0.0      74       83       62       3.8      280      290      14.1     19.0     -9999    -9999    -9999    1        -9999    -9999    -9999    -9999    -9999    -9999    
GHCND:USW00014735                 ALBANY INTERNATIONAL AIRPORT NY US 20200813 0.00     0.0      0.0      71       84       60       2.0      350      10       6.9      8.9      -9999    -9999    -9999    -9999    -9999    -9999    -9999    -9999    -9999    -9999    
GHCND:USW00014735                 ALBANY INTERNATIONAL AIRPORT NY US 20200814 0.00     0.0      0.0      72       83       61       6.3      10       10       16.1     21.9     -9999    -9999    -9999    -9999    -9999    -9999    -9999    -9999    -9999    -9999    
GHCND:USW00014735                 ALBANY INTERNATIONAL AIRPORT NY US 20200815 0.00     0.0      0.0      71       82       60       5.6      30       120      13.0     17.0     -9999    -9999    -9999    -9999    -9999    -9999    -9999    -9999    -9999    -9999    
GHCND:USW00014735                 ALBANY INTERNATIONAL AIRPORT NY US 20200816 0.00     0.0      0.0      67       75       57       3.4      100      130      12.1     18.1     -9999    -9999    -9999    -9999    -9999    -9999    -9999    -9999    -9999    -9999    
GHCND:USW00014735                 ALBANY INTERNATIONAL AIRPORT NY US 20200817 0.00     0.0      0.0      65       78       54       4.3      160      140      10.1     14.1     -9999    -9999    -9999    1        -9999    -9999    -9999    -9999    -9999    -9999    
GHCND:USW00014735                 ALBANY INTERNATIONAL AIRPORT NY US 20200818 0.01     0.0      0.0      68       77       55       6.7      290      300      19.9     23.9     -9999    -9999    -9999    1        -9999    -9999    -9999    -9999    -9999    -9999    
GHCND:USW00014735                 ALBANY INTERNATIONAL AIRPORT NY US 20200819 0.00     0.0      0.0      63       75       52       5.1      280      290      16.1     23.0     -9999    -9999    -9999    -9999    -9999    -9999    -9999    -9999    -9999    -9999    
GHCND:USW00014735                 ALBANY INTERNATIONAL AIRPORT NY US 20200820 0.00     0.0      0.0      63       76       48       2.9      260      260      14.1     17.0     -9999    -9999    -9999    -9999    -9999    -9999    -9999    -9999    -9999    -9999    
GHCND:USW00014735                 ALBANY INTERNATIONAL AIRPORT NY US 20200821 0.00     0.0      0.0      67       84       55       5.8      240      240      13.0     16.1     -9999    -9999    -9999    -9999    -9999    -9999    -9999    -9999    -9999    -9999    
GHCND:USW00014735                 ALBANY INTERNATIONAL AIRPORT NY US 20200822 0.00     0.0      0.0      72       84       61       4.7      270      270      16.1     21.0     -9999    -9999    -9999    -9999    -9999    -9999    -9999    -9999    -9999    -9999    
GHCND:USW00014735                 ALBANY INTERNATIONAL AIRPORT NY US 20200823 0.04     0.0      0.0      70       85       59       3.8      230      230      21.0     28.0     -9999    -9999    -9999    1        -9999    -9999    1        -9999    -9999    1        
GHCND:USW00014735                 ALBANY INTERNATIONAL AIRPORT NY US 20200824 0.05     0.0      0.0      72       87       60       3.4      220      210      12.1     19.9     -9999    -9999    -9999    1        -9999    -9999    -9999    -9999    -9999    1        
GHCND:USW00014735                 ALBANY INTERNATIONAL AIRPORT NY US 20200825 0.00     0.0      0.0      72       80       60       8.7      280      300      21.9     31.1     -9999    -9999    -9999    -9999    -9999    -9999    -9999    -9999    -9999    1        
GHCND:USW00014735                 ALBANY INTERNATIONAL AIRPORT NY US 20200826 0.00     0.0      0.0      62       69       52       11.0     270      280      23.0     31.1     -9999    -9999    -9999    -9999    -9999    -9999    -9999    -9999    -9999    -9999    
GHCND:USW00014735                 ALBANY INTERNATIONAL AIRPORT NY US 20200827 0.40     0.0      0.0      58       63       54       3.4      160      140      13.0     18.1     -9999    -9999    -9999    1        -9999    -9999    -9999    -9999    -9999    1        
GHCND:USW00014735                 ALBANY INTERNATIONAL AIRPORT NY US 20200828 0.00     0.0      0.0      63       74       55       5.6      270      270      21.0     28.0     -9999    -9999    -9999    1        -9999    -9999    1        -9999    -9999    -9999    
GHCND:USW00014735                 ALBANY INTERNATIONAL AIRPORT NY US 20200829 1.02     0.0      0.0      66       78       59       8.7      280      290      33.1     44.1     -9999    -9999    -9999    1        -9999    -9999    -9999    -9999    -9999    1        
GHCND:USW00014735                 ALBANY INTERNATIONAL AIRPORT NY US 20200830 0.00     0.0      0.0      65       70       50       8.1      280      290      19.9     25.1     -9999    -9999    -9999    -9999    -9999    -9999    -9999    -9999    -9999    -9999    
GHCND:USW00014735                 ALBANY INTERNATIONAL AIRPORT NY US 20200831 0.00     0.0      0.0      59       72       46       3.8      160      150      12.1     14.1     -9999    -9999    -9999    1        -9999    -9999    -9999    -9999    -9999    -9999    
GHCND:USW00014735                 ALBANY INTERNATIONAL AIRPORT NY US 20200901 0.00     0.0      0.0      65       73       59       7.4      170      160      18.1     23.9     -9999    -9999    -9999    -9999    -9999    -9999    -9999    -9999    -9999    -9999    
GHCND:USW00014735                 ALBANY INTERNATIONAL AIRPORT NY US 20200902 0.37     0.0      0.0      65       71       60       10.1     160      160      18.1     25.9     -9999    -9999    -9999    1        -9999    -9999    -9999    -9999    -9999    -9999    
GHCND:USW00014735                 ALBANY INTERNATIONAL AIRPORT NY US 20200903 0.00     0.0      0.0      69       77       59       4.3      280      280      12.1     17.0     -9999    -9999    -9999    1        -9999    -9999    -9999    -9999    -9999    -9999    
GHCND:USW00014735                 ALBANY INTERNATIONAL AIRPORT NY US 20200904 0.00     0.0      0.0      66       74       54       7.8      300      280      21.9     30.0     -9999    -9999    -9999    -9999    -9999    -9999    -9999    -9999    -9999    -9999    
GHCND:USW00014735                 ALBANY INTERNATIONAL AIRPORT NY US 20200905 0.00     0.0      0.0      61       74       47       3.6      290      290      18.1     23.0     -9999    -9999    -9999    -9999    -9999    -9999    -9999    -9999    -9999    -9999    
GHCND:USW00014735                 ALBANY INTERNATIONAL AIRPORT NY US 20200906 0.00     0.0      0.0      64       74       56       2.5      260      250      8.9      14.1     -9999    -9999    -9999    -9999    -9999    -9999    -9999    -9999    -9999    -9999    
GHCND:USW00014735                 ALBANY INTERNATIONAL AIRPORT NY US 20200907 0.00     0.0      0.0      65       76       55       11.2     160      150      28.0     38.9     -9999    -9999    -9999    -9999    -9999    -9999    -9999    -9999    -9999    -9999    
GHCND:USW00014735                 ALBANY INTERNATIONAL AIRPORT NY US 20200908 0.00     0.0      0.0      70       81       61       6.7      180      160      14.1     19.0     -9999    -9999    -9999    -9999    -9999    -9999    -9999    -9999    -9999    -9999    
GHCND:USW00014735                 ALBANY INTERNATIONAL AIRPORT NY US 20200909 0.00     0.0      0.0      70       79       59       6.3      160      170      13.0     17.0     -9999    -9999    -9999    1        -9999    -9999    -9999    -9999    -9999    -9999    
GHCND:USW00014735                 ALBANY INTERNATIONAL AIRPORT NY US 20200910 0.12     0.0      0.0      68       75       60       4.0      360      10       12.1     14.1     -9999    -9999    -9999    1        -9999    -9999    -9999    -9999    -9999    -9999    
GHCND:USW00014735                 ALBANY INTERNATIONAL AIRPORT NY US 20200911 0.00     0.0      0.0      60       64       47       8.7      30       350      15.0     21.9     -9999    -9999    -9999    -9999    -9999    -9999    -9999    -9999    -9999    -9999    
GHCND:USW00014735                 ALBANY INTERNATIONAL AIRPORT NY US 20200912 0.00     0.0      0.0      54       68       41       5.4      180      180      16.1     21.0     -9999    -9999    -9999    1        -9999    -9999    -9999    -9999    -9999    -9999    
GHCND:USW00014735                 ALBANY INTERNATIONAL AIRPORT NY US 20200913 0.00     0.0      0.0      61       71       51       8.3      170      170      23.0     35.1     -9999    -9999    -9999    -9999    -9999    -9999    -9999    -9999    -9999    -9999    
GHCND:USW00014735                 ALBANY INTERNATIONAL AIRPORT NY US 20200914 0.00     0.0      0.0      63       69       45       10.5     280      290      21.0     27.1     -9999    -9999    -9999    -9999    -9999    -9999    -9999    -9999    -9999    -9999    
GHCND:USW00014735                 ALBANY INTERNATIONAL AIRPORT NY US 20200915 0.00     0.0      0.0      50       61       37       2.9      330      330      8.9      11.0     -9999    -9999    -9999    -9999    -9999    -9999    -9999    -9999    -9999    -9999    
GHCND:USW00014735                 ALBANY INTERNATIONAL AIRPORT NY US 20200916 0.00     0.0      0.0      54       68       43       9.8      160      180      21.9     30.0     -9999    -9999    -9999    -9999    -9999    -9999    -9999    -9999    -9999    -9999    
GHCND:USW00014735                 ALBANY INTERNATIONAL AIRPORT NY US 20200917 0.01     0.0      0.0      57       67       49       6.0      360      350      15.0     19.0     -9999    -9999    -9999    1        -9999    -9999    -9999    -9999    -9999    -9999    
GHCND:USW00014735                 ALBANY INTERNATIONAL AIRPORT NY US 20200918 0.00     0.0      0.0      55       62       39       10.3     360      360      21.0     27.1     -9999    -9999    -9999    -9999    -9999    -9999    -9999    -9999    -9999    -9999    
GHCND:USW00014735                 ALBANY INTERNATIONAL AIRPORT NY US 20200919 0.00     0.0      0.0      46       58       33       4.7      320      310      15.0     19.0     -9999    -9999    -9999    -9999    -9999    -9999    -9999    -9999    -9999    -9999    
GHCND:USW00014735                 ALBANY INTERNATIONAL AIRPORT NY US 20200920 0.00     0.0      0.0      46       60       34       3.8      50       40       16.1     19.9     -9999    -9999    -9999    -9999    -9999    -9999    -9999    -9999    -9999    -9999    
GHCND:USW00014735                 ALBANY INTERNATIONAL AIRPORT NY US 20200921 0.00     0.0      0.0      45       61       32       2.5      310      320      8.1      11.0     -9999    -9999    -9999    1        -9999    -9999    1        -9999    -9999    -9999    
GHCND:USW00014735                 ALBANY INTERNATIONAL AIRPORT NY US 20200922 0.00     0.0      0.0      47       65       32       4.9      320      310      8.9      15.0     -9999    -9999    -9999    1        -9999    -9999    -9999    -9999    -9999    -9999    
GHCND:USW00014735                 ALBANY INTERNATIONAL AIRPORT NY US 20200923 0.00     0.0      0.0      57       72       46       9.4      260      280      23.9     31.1     -9999    -9999    -9999    -9999    -9999    -9999    -9999    -9999    -9999    -9999    
GHCND:USW00014735                 ALBANY INTERNATIONAL AIRPORT NY US 20200924 0.00     0.0      0.0      60       72       48       3.4      150      160      8.9      13.0     -9999    -9999    -9999    -9999    -9999    -9999    -9999    -9999    -9999    -9999    
GHCND:USW00014735                 ALBANY INTERNATIONAL AIRPORT NY US 20200925 0.00     0.0      0.0      63       77       51       3.1      160      140      10.1     15.0     -9999    -9999    -9999    1        -9999    -9999    -9999    -9999    1        -9999    
GHCND:USW00014735                 ALBANY INTERNATIONAL AIRPORT NY US 20200926 0.00     0.0      0.0      64       75       50       8.1      170      150      19.9     27.1     -9999    -9999    -9999    1        -9999    -9999    -9999    -9999    -9999    -9999    
GHCND:USW00014735                 ALBANY INTERNATIONAL AIRPORT NY US 20200927 0.00     0.0      0.0      68       74       63       9.8      150      150      21.0     27.1     -9999    -9999    -9999    -9999    -9999    -9999    -9999    -9999    -9999    -9999    
GHCND:USW00014735                 ALBANY INTERNATIONAL AIRPORT NY US 20200928 0.13     0.0      0.0      69       76       57       10.5     150      160      21.0     28.0     -9999    -9999    -9999    1        -9999    -9999    -9999    -9999    -9999    -9999    
GHCND:USW00014735                 ALBANY INTERNATIONAL AIRPORT NY US 20200929 0.72     0.0      0.0      66       72       54       10.1     160      160      23.0     31.1     -9999    -9999    -9999    1        -9999    -9999    -9999    -9999    -9999    -9999    
GHCND:USW00014735                 ALBANY INTERNATIONAL AIRPORT NY US 20200930 1.28     0.0      0.0      57       65       51       9.6      230      240      21.9     29.1     -9999    -9999    -9999    1        -9999    -9999    -9999    -9999    -9999    -9999    
GHCND:USW00014735                 ALBANY INTERNATIONAL AIRPORT NY US 20201001 0.00     0.0      0.0      58       68       48       6.0      280      270      17.0     21.9     -9999    -9999    -9999    -9999    -9999    -9999    -9999    -9999    -9999    -9999    
GHCND:USW00014735                 ALBANY INTERNATIONAL AIRPORT NY US 20201002 0.09     0.0      0.0      52       60       43       2.7      300      300      10.1     12.1     -9999    -9999    -9999    1        -9999    -9999    -9999    -9999    -9999    -9999    
GHCND:USW00014735                 ALBANY INTERNATIONAL AIRPORT NY US 20201003 0.01     0.0      0.0      48       58       37       4.3      270      280      18.1     21.9     -9999    -9999    -9999    1        -9999    -9999    -9999    -9999    -9999    -9999    
GHCND:USW00014735                 ALBANY INTERNATIONAL AIRPORT NY US 20201004 0.00     0.0      0.0      44       58       33       1.1      120      120      8.1      10.1     -9999    -9999    -9999    1        -9999    -9999    1        -9999    -9999    -9999    
GHCND:USW00014735                 ALBANY INTERNATIONAL AIRPORT NY US 20201005 0.00     0.0      0.0      50       64       39       1.1      300      310      8.1      10.1     -9999    -9999    -9999    1        -9999    -9999    1        -9999    -9999    -9999    
GHCND:USW00014735                 ALBANY INTERNATIONAL AIRPORT NY US 20201006 0.00     0.0      0.0      53       65       41       7.6      160      150      21.0     25.9     -9999    -9999    -9999    1        -9999    -9999    1        -9999    -9999    -9999    
GHCND:USW00014735                 ALBANY INTERNATIONAL AIRPORT NY US 20201007 0.15     0.0      0.0      57       64       48       13.2     280      270      67.1     68.0     -9999    -9999    -9999    1        -9999    -9999    -9999    -9999    -9999    1        
GHCND:USW00014735                 ALBANY INTERNATIONAL AIRPORT NY US 20201008 0.00     0.0      0.0      52       56       38       11.6     310      300      21.9     31.1     -9999    -9999    -9999    -9999    -9999    -9999    -9999    -9999    -9999    -9999    
GHCND:USW00014735                 ALBANY INTERNATIONAL AIRPORT NY US 20201009 0.00     0.0      0.0      47       60       38       2.2      190      190      10.1     10.1     -9999    -9999    -9999    -9999    -9999    -9999    -9999    -9999    -9999    -9999    
GHCND:USW00014735                 ALBANY INTERNATIONAL AIRPORT NY US 20201010 0.09     0.0      0.0      59       76       50       13.2     200      180      19.9     29.1     -9999    -9999    -9999    -9999    -9999    -9999    -9999    -9999    -9999    -9999    
GHCND:USW00014735                 ALBANY INTERNATIONAL AIRPORT NY US 20201011 0.00     0.0      0.0      55       63       39       8.5      350      20       19.9     23.9     -9999    -9999    -9999    -9999    -9999    -9999    -9999    -9999    -9999    -9999    
GHCND:USW00014735                 ALBANY INTERNATIONAL AIRPORT NY US 20201012 0.00     0.0      0.0      45       54       38       4.7      140      150      15.0     21.0     -9999    -9999    -9999    -9999    -9999    -9999    -9999    -9999    -9999    -9999    
GHCND:USW00014735                 ALBANY INTERNATIONAL AIRPORT NY US 20201013 0.62     0.0      0.0      48       52       44       4.7      270      280      12.1     15.0     -9999    -9999    -9999    1        -9999    -9999    -9999    -9999    -9999    -9999    
GHCND:USW00014735                 ALBANY INTERNATIONAL AIRPORT NY US 20201014 0.00     0.0      0.0      51       66       37       4.5      300      270      19.9     28.0     -9999    -9999    -9999    1        -9999    -9999    -9999    -9999    -9999    -9999    
GHCND:USW00014735                 ALBANY INTERNATIONAL AIRPORT NY US 20201015 0.00     0.0      0.0      55       71       42       11.4     170      150      25.9     42.1     -9999    -9999    -9999    -9999    -9999    -9999    -9999    -9999    -9999    -9999    
GHCND:USW00014735                 ALBANY INTERNATIONAL AIRPORT NY US 20201016 0.37     0.0      0.0      51       56       43       4.9      300      270      12.1     16.1     -9999    -9999    -9999    1        -9999    -9999    -9999    -9999    -9999    -9999    
GHCND:USW00014735                 ALBANY INTERNATIONAL AIRPORT NY US 20201017 0.00     0.0      0.0      46       56       35       7.2      260      280      18.1     23.9     -9999    -9999    -9999    -9999    -9999    -9999    -9999    -9999    -9999    -9999    
GHCND:USW00014735                 ALBANY INTERNATIONAL AIRPORT NY US 20201018 0.00     0.0      0.0      43       58       30       5.8      160      150      21.0     28.0     -9999    -9999    -9999    1        -9999    -9999    -9999    -9999    -9999    -9999    
GHCND:USW00014735                 ALBANY INTERNATIONAL AIRPORT NY US 20201019 0.06     0.0      0.0      52       58       44       6.7      160      160      18.1     25.1     -9999    -9999    -9999    1        -9999    -9999    -9999    -9999    -9999    -9999    
GHCND:USW00014735                 ALBANY INTERNATIONAL AIRPORT NY US 20201020 0.07     0.0      0.0      57       64       47       8.9      160      170      19.9     30.0     -9999    -9999    -9999    1        -9999    -9999    -9999    -9999    -9999    -9999    
GHCND:USW00014735                 ALBANY INTERNATIONAL AIRPORT NY US 20201021 0.00     0.0      0.0      55       70       46       9.2      170      160      23.9     32.0     -9999    -9999    -9999    1        -9999    -9999    -9999    -9999    -9999    -9999    
GHCND:USW00014735                 ALBANY INTERNATIONAL AIRPORT NY US 20201022 0.00     0.0      0.0      60       68       48       1.3      320      320      8.1      11.0     -9999    -9999    -9999    -9999    -9999    -9999    -9999    -9999    -9999    -9999    
GHCND:USW00014735                 ALBANY INTERNATIONAL AIRPORT NY US 20201023 0.00     0.0      0.0      61       72       53       10.7     170      180      23.9     31.1     -9999    -9999    -9999    1        -9999    -9999    -9999    -9999    -9999    -9999    
GHCND:USW00014735                 ALBANY INTERNATIONAL AIRPORT NY US 20201024 0.00     0.0      0.0      57       60       40       13.4     260      260      25.1     35.1     -9999    -9999    -9999    -9999    -9999    -9999    -9999    -9999    -9999    -9999    
GHCND:USW00014735                 ALBANY INTERNATIONAL AIRPORT NY US 20201025 0.00     0.0      0.0      40       46       32       6.5      350      30       14.1     19.0     -9999    -9999    -9999    -9999    -9999    -9999    -9999    -9999    -9999    -9999    
GHCND:USW00014735                 ALBANY INTERNATIONAL AIRPORT NY US 20201026 0.29     0.0      0.0      40       49       35       6.0      160      160      15.0     19.9     -9999    -9999    -9999    1        -9999    -9999    -9999    -9999    -9999    -9999    
GHCND:USW00014735                 ALBANY INTERNATIONAL AIRPORT NY US 20201027 0.05     0.0      0.0      46       48       38       4.9      300      280      10.1     14.1     -9999    -9999    -9999    1        -9999    -9999    -9999    -9999    -9999    -9999    
GHCND:USW00014735                 ALBANY INTERNATIONAL AIRPORT NY US 20201028 0.09     0.0      0.0      41       48       36       2.0      170      150      8.1      10.1     -9999    -9999    -9999    1        -9999    -9999    1        -9999    -9999    -9999    
GHCND:USW00014735                 ALBANY INTERNATIONAL AIRPORT NY US 20201029 1.03     0.0      0.0      41       44       37       5.1      360      340      17.0     23.9     -9999    -9999    -9999    1        -9999    -9999    1        -9999    -9999    -9999    
GHCND:USW00014735                 ALBANY INTERNATIONAL AIRPORT NY US 20201030 0.21     1.2      1.2      33       37       25       7.6      360      360      18.1     25.9     -9999    -9999    -9999    1        -9999    -9999    -9999    -9999    -9999    -9999    
GHCND:USW00014735                 ALBANY INTERNATIONAL AIRPORT NY US 20201031 0.00     0.0      0.0      29       40       19       2.7      160      160      10.1     15.0     -9999    -9999    -9999    1        -9999    -9999    -9999    -9999    -9999    -9999    
GHCND:USW00014735                 ALBANY INTERNATIONAL AIRPORT NY US 20201101 0.14     0.0      0.0      38       48       30       14.3     270      270      36.0     48.1     -9999    -9999    -9999    1        -9999    -9999    -9999    -9999    -9999    -9999    
GHCND:USW00014735                 ALBANY INTERNATIONAL AIRPORT NY US 20201102 0.00     0.0      0.0      34       38       31       14.8     280      280      36.0     46.1     -9999    -9999    -9999    -9999    -9999    -9999    -9999    -9999    -9999    -9999    
GHCND:USW00014735                 ALBANY INTERNATIONAL AIRPORT NY US 20201103 0.21     0.0      0.0      35       41       25       9.2      260      240      25.9     38.9     -9999    -9999    -9999    1        1        -9999    -9999    -9999    -9999    -9999    
GHCND:USW00014735                 ALBANY INTERNATIONAL AIRPORT NY US 20201104 0.00     0.0      0.0      38       56       27       9.4      170      150      19.9     25.1     -9999    -9999    -9999    -9999    -9999    -9999    -9999    -9999    -9999    -9999    
GHCND:USW00014735                 ALBANY INTERNATIONAL AIRPORT NY US 20201105 0.00     0.0      0.0      53       64       45       9.4      150      150      18.1     23.0     -9999    -9999    -9999    -9999    -9999    -9999    -9999    -9999    -9999    -9999    
GHCND:USW00014735                 ALBANY INTERNATIONAL AIRPORT NY US 20201106 0.00     0.0      0.0      57       70       45       5.1      160      220      15.0     19.9     -9999    -9999    -9999    -9999    -9999    -9999    -9999    -9999    -9999    -9999    
GHCND:USW00014735                 ALBANY INTERNATIONAL AIRPORT NY US 20201107 0.00     0.0      0.0      53       70       40       2.9      170      160      8.9      11.0     -9999    -9999    -9999    1        -9999    -9999    -9999    -9999    -9999    -9999    
GHCND:USW00014735                 ALBANY INTERNATIONAL AIRPORT NY US 20201108 0.00     0.0      0.0      50       72       34       0.9      180      180      6.9      8.1      -9999    -9999    -9999    1        -9999    -9999    -9999    -9999    -9999    -9999    
GHCND:USW00014735                 ALBANY INTERNATIONAL AIRPORT NY US 20201109 0.00     0.0      0.0      48       67       33       1.1      170      160      6.0      8.1      -9999    -9999    -9999    1        -9999    -9999    -9999    -9999    -9999    -9999    
GHCND:USW00014735                 ALBANY INTERNATIONAL AIRPORT NY US 20201110 0.00     0.0      0.0      50       70       34       6.0      160      170      15.0     19.0     -9999    -9999    -9999    -9999    -9999    -9999    -9999    -9999    -9999    -9999    
GHCND:USW00014735                 ALBANY INTERNATIONAL AIRPORT NY US 20201111 0.34     0.0      0.0      61       67       56       10.7     260      140      18.1     27.1     -9999    -9999    -9999    1        -9999    -9999    -9999    -9999    -9999    -9999    
GHCND:USW00014735                 ALBANY INTERNATIONAL AIRPORT NY US 20201112 0.00     0.0      0.0      51       56       33       9.2      280      280      18.1     23.9     -9999    -9999    -9999    -9999    -9999    -9999    -9999    -9999    -9999    -9999    
GHCND:USW00014735                 ALBANY INTERNATIONAL AIRPORT NY US 20201113 0.02     0.0      0.0      36       42       28       2.9      270      280      12.1     14.1     -9999    -9999    -9999    1        -9999    -9999    -9999    -9999    -9999    -9999    
GHCND:USW00014735                 ALBANY INTERNATIONAL AIRPORT NY US 20201114 0.00     0.0      0.0      40       42       24       8.5      270      270      23.0     29.1     -9999    -9999    -9999    -9999    -9999    -9999    -9999    -9999    -9999    -9999    
GHCND:USW00014735                 ALBANY INTERNATIONAL AIRPORT NY US 20201115 0.44     0.0      0.0      33       52       21       8.3      230      210      30.0     52.1     -9999    -9999    -9999    1        -9999    -9999    -9999    1        -9999    -9999    
GHCND:USW00014735                 ALBANY INTERNATIONAL AIRPORT NY US 20201116 0.00     0.0      0.0      44       47       36       9.8      260      270      23.0     33.1     -9999    -9999    -9999    -9999    -9999    -9999    -9999    -9999    1        -9999    
GHCND:USW00014735                 ALBANY INTERNATIONAL AIRPORT NY US 20201117 0.00     0.0      0.0      36       40       28       8.1      260      260      19.9     25.1     -9999    -9999    -9999    1        -9999    -9999    -9999    -9999    -9999    -9999    
GHCND:USW00014735                 ALBANY INTERNATIONAL AIRPORT NY US 20201118 0.00     0.0      0.0      25       28       16       12.5     290      290      25.1     36.9     -9999    -9999    -9999    -9999    -9999    -9999    -9999    -9999    -9999    -9999    
GHCND:USW00014735                 ALBANY INTERNATIONAL AIRPORT NY US 20201119 0.00     0.0      0.0      26       41       16       12.5     160      170      25.9     36.0     -9999    -9999    -9999    -9999    -9999    -9999    -9999    -9999    -9999    -9999    
GHCND:USW00014735                 ALBANY INTERNATIONAL AIRPORT NY US 20201120 0.00     0.0      0.0      45       56       39       10.5     160      140      19.9     27.1     -9999    -9999    -9999    -9999    -9999    -9999    -9999    -9999    -9999    -9999    
GHCND:USW00014735                 ALBANY INTERNATIONAL AIRPORT NY US 20201121 0.00     0.0      0.0      44       48       34       9.2      280      280      23.9     32.0     -9999    -9999    -9999    -9999    -9999    -9999    -9999    -9999    -9999    -9999    
GHCND:USW00014735                 ALBANY INTERNATIONAL AIRPORT NY US 20201122 0.01     0.0      0.0      32       41       23       3.4      140      130      17.0     25.1     -9999    -9999    -9999    1        -9999    -9999    -9999    -9999    -9999    -9999    
GHCND:USW00014735                 ALBANY INTERNATIONAL AIRPORT NY US 20201123 0.54     0.0      0.0      39       43       27       10.1     280      290      28.0     38.0     -9999    -9999    -9999    1        -9999    -9999    -9999    -9999    -9999    -9999    
GHCND:USW00014735                 ALBANY INTERNATIONAL AIRPORT NY US 20201124 0.00     0.0      0.0      32       40       23       8.1      320      270      21.0     25.1     -9999    -9999    -9999    -9999    -9999    -9999    -9999    -9999    -9999    -9999    
GHCND:USW00014735                 ALBANY INTERNATIONAL AIRPORT NY US 20201125 0.12     0.0      0.0      33       46       25       6.9      170      160      23.0     31.1     -9999    -9999    -9999    1        -9999    -9999    -9999    -9999    -9999    -9999    
GHCND:USW00014735                 ALBANY INTERNATIONAL AIRPORT NY US 20201126 0.44     0.0      0.0      46       52       40       5.8      270      250      14.1     17.0     -9999    -9999    -9999    1        -9999    -9999    -9999    -9999    -9999    -9999    
GHCND:USW00014735                 ALBANY INTERNATIONAL AIRPORT NY US 20201127 0.00     0.0      0.0      47       49       40       5.8      270      280      15.0     19.0     -9999    -9999    -9999    -9999    -9999    -9999    -9999    -9999    -9999    -9999    
GHCND:USW00014735                 ALBANY INTERNATIONAL AIRPORT NY US 20201128 0.05     0.0      0.0      41       47       25       5.1      280      270      23.0     33.1     -9999    -9999    -9999    -9999    -9999    -9999    -9999    -9999    -9999    -9999    
GHCND:USW00014735                 ALBANY INTERNATIONAL AIRPORT NY US 20201129 0.00     0.0      0.0      33       47       22       3.6      160      160      13.0     15.0     -9999    -9999    -9999    -9999    -9999    -9999    -9999    -9999    -9999    -9999    
GHCND:USW00014735                 ALBANY INTERNATIONAL AIRPORT NY US 20201130 1.38     0.0      0.0      35       55       27       4.3      160      170      14.1     21.0     -9999    -9999    -9999    1        -9999    -9999    -9999    -9999    -9999    -9999    
GHCND:USW00014735                 ALBANY INTERNATIONAL AIRPORT NY US 20201201 0.22     0.0      0.0      51       57       35       11.6     150      200      23.0     36.9     -9999    -9999    -9999    1        -9999    -9999    -9999    -9999    -9999    -9999    
GHCND:USW00014735                 ALBANY INTERNATIONAL AIRPORT NY US 20201202 0.00     0.0      0.0      35       37       32       10.7     260      240      25.9     33.1     -9999    -9999    -9999    1        -9999    -9999    -9999    -9999    -9999    -9999    
GHCND:USW00014735                 ALBANY INTERNATIONAL AIRPORT NY US 20201203 0.00     0.0      0.0      34       43       21       6.5      170      150      13.0     17.0     -9999    -9999    -9999    -9999    -9999    -9999    -9999    -9999    -9999    -9999    
GHCND:USW00014735                 ALBANY INTERNATIONAL AIRPORT NY US 20201204 0.00     0.0      0.0      40       48       36       3.8      170      240      12.1     18.1     -9999    -9999    -9999    -9999    -9999    -9999    -9999    -9999    -9999    -9999    
GHCND:USW00014735                 ALBANY INTERNATIONAL AIRPORT NY US 20201205 0.12     0.0      0.0      37       38       31       10.1     280      310      21.0     29.1     -9999    -9999    -9999    1        -9999    -9999    -9999    -9999    -9999    -9999    
GHCND:USW00014735                 ALBANY INTERNATIONAL AIRPORT NY US 20201206 0.00     0.0      0.0      29       32       25       15.2     280      290      25.9     38.0     -9999    -9999    -9999    -9999    -9999    -9999    -9999    -9999    -9999    -9999    
GHCND:USW00014735                 ALBANY INTERNATIONAL AIRPORT NY US 20201207 0.00     0.0      0.0      26       30       21       10.7     300      270      18.1     25.1     -9999    -9999    -9999    -9999    -9999    -9999    -9999    -9999    -9999    -9999    
GHCND:USW00014735                 ALBANY INTERNATIONAL AIRPORT NY US 20201208 0.00     0.0      0.0      24       25       19       10.3     280      280      23.9     30.0     -9999    -9999    -9999    1        1        -9999    -9999    -9999    -9999    -9999    
GHCND:USW00014735                 ALBANY INTERNATIONAL AIRPORT NY US 20201209 0.06     0.0      1.3      24       30       19       5.8      160      170      14.1     19.0     -9999    -9999    -9999    1        -9999    -9999    -9999    -9999    -9999    -9999    
GHCND:USW00014735                 ALBANY INTERNATIONAL AIRPORT NY US 20201210 0.00     0.0      0.0      34       42       30       6.9      310      300      21.0     25.9     -9999    -9999    -9999    -9999    -9999    -9999    -9999    -9999    -9999    -9999    
GHCND:USW00014735                 ALBANY INTERNATIONAL AIRPORT NY US 20201211 0.00     0.0      0.0      35       46       23       5.4      160      150      15.0     19.9     -9999    -9999    -9999    1        -9999    -9999    -9999    -9999    -9999    -9999    
GHCND:USW00014735                 ALBANY INTERNATIONAL AIRPORT NY US 20201212 0.01     0.0      0.0      34       46       25       1.1      170      180      8.1      11.0     -9999    -9999    -9999    1        -9999    -9999    -9999    -9999    -9999    -9999    
GHCND:USW00014735                 ALBANY INTERNATIONAL AIRPORT NY US 20201213 0.01     0.0      0.0      44       49       34       11.4     270      290      23.0     33.1     -9999    -9999    -9999    1        -9999    -9999    -9999    -9999    -9999    -9999    
GHCND:USW00014735                 ALBANY INTERNATIONAL AIRPORT NY US 20201214 0.01     0.0      0.0      33       34       29       6.0      280      260      23.9     34.0     -9999    -9999    -9999    1        -9999    -9999    -9999    -9999    -9999    -9999    
GHCND:USW00014735                 ALBANY INTERNATIONAL AIRPORT NY US 20201215 0.00     0.0      0.0      28       30       18       14.1     290      290      29.1     45.0     -9999    -9999    -9999    -9999    -9999    -9999    -9999    -9999    -9999    -9999    
GHCND:USW00014735                 ALBANY INTERNATIONAL AIRPORT NY US 20201216 0.27     0.0      3.2      15       18       10       8.1      30       350      13.0     16.1     -9999    -9999    -9999    1        -9999    -9999    -9999    -9999    -9999    -9999    
GHCND:USW00014735                 ALBANY INTERNATIONAL AIRPORT NY US 20201217 1.73     16.1     19.7     16       20       13       10.5     350      350      21.0     25.9     -9999    -9999    -9999    1        -9999    -9999    1        -9999    -9999    -9999    
GHCND:USW00014735                 ALBANY INTERNATIONAL AIRPORT NY US 20201218 0.00     18.9     0.0      15       21       -2       5.4      360      360      12.1     14.1     -9999    -9999    -9999    1        -9999    -9999    -9999    -9999    -9999    -9999    
GHCND:USW00014735                 ALBANY INTERNATIONAL AIRPORT NY US 20201219 0.00     18.1     0.0      6        22       -4       1.1      350      340      4.9      6.9      -9999    1        -9999    1        -9999    -9999    -9999    -9999    -9999    -9999    
GHCND:USW00014735                 ALBANY INTERNATIONAL AIRPORT NY US 20201220 0.02     16.9     0.5      21       32       15       5.8      170      160      16.1     21.9     -9999    -9999    -9999    1        -9999    -9999    -9999    -9999    -9999    -9999    
GHCND:USW00014735                 ALBANY INTERNATIONAL AIRPORT NY US 20201221 0.00     15.0     0.0      32       40       28       2.9      160      160      12.1     16.1     -9999    -9999    -9999    1        -9999    -9999    -9999    -9999    1        -9999    
GHCND:USW00014735                 ALBANY INTERNATIONAL AIRPORT NY US 20201222 0.00     11.8     0.0      32       37       24       8.7      280      280      28.0     36.9     -9999    -9999    -9999    1        -9999    -9999    -9999    -9999    -9999    -9999    
GHCND:USW00014735                 ALBANY INTERNATIONAL AIRPORT NY US 20201223 0.00     11.0     0.0      30       36       19       8.5      280      270      31.1     38.0     -9999    -9999    -9999    -9999    -9999    -9999    -9999    -9999    -9999    -9999    
GHCND:USW00014735                 ALBANY INTERNATIONAL AIRPORT NY US 20201224 0.32     3.9      0.0      39       56       35       12.8     150      160      23.9     33.1     -9999    -9999    -9999    1        -9999    -9999    -9999    -9999    -9999    -9999    
GHCND:USW00014735                 ALBANY INTERNATIONAL AIRPORT NY US 20201225 0.88     0.0      1.3      54       63       34       12.5     150      130      28.0     42.1     -9999    -9999    -9999    1        -9999    -9999    -9999    1        -9999    -9999    
GHCND:USW00014735                 ALBANY INTERNATIONAL AIRPORT NY US 20201226 0.00     1.2      0.2      31       34       23       10.1     260      250      18.1     25.9     -9999    -9999    -9999    -9999    -9999    -9999    -9999    -9999    -9999    -9999    
GHCND:USW00014735                 ALBANY INTERNATIONAL AIRPORT NY US 20201227 0.00     1.2      0.0      27       36       22       6.7      150      150      19.9     27.1     -9999    -9999    -9999    -9999    -9999    -9999    -9999    -9999    -9999    -9999    
GHCND:USW00014735                 ALBANY INTERNATIONAL AIRPORT NY US 20201228 0.00     0.0      0.0      34       41       31       14.1     150      180      23.9     33.1     -9999    -9999    -9999    -9999    -9999    -9999    -9999    -9999    -9999    -9999    
GHCND:USW00014735                 ALBANY INTERNATIONAL AIRPORT NY US 20201229 0.00     0.0      0.0      31       35       16       11.4     270      270      29.1     36.0     -9999    -9999    -9999    -9999    -9999    -9999    -9999    -9999    -9999    -9999    
GHCND:USW00014735                 ALBANY INTERNATIONAL AIRPORT NY US 20201230 0.02     0.0      0.0      23       35       15       10.7     150      160      25.9     35.1     -9999    -9999    -9999    -9999    -9999    -9999    -9999    -9999    -9999    -9999    
GHCND:USW00014735                 ALBANY INTERNATIONAL AIRPORT NY US 20201231 0.03     0.0      0.0      35       39       24       11.6     280      280      23.0     33.1     -9999    -9999    -9999    1        -9999    -9999    -9999    -9999    -9999    -9999    
